Name,Link,Likes,Dislikes,Views,Published
SWAG DID THE IMPOSSIBLE! THE R8 IS ACTUALLY GOOD?. CS:GO Twitch Clips,https://www.youtube.com/watch?v=1Q9dCnpkK04,802,22,27926,"Nov 26, 2019"
Fan ECO-RUSHED on stage - CS:GO Funny PRO Moments from tournaments,https://www.youtube.com/watch?v=SlssU0VCK3I,1465,18,32609,"Nov 26, 2019"
THIS IS WHY I STOPPED RAPPING IN CSGO,https://www.youtube.com/watch?v=oZ5wqgVVQxU,71206,454,1160671,"Nov 23, 2019"
CS:GO Global Elite Funny Moments #3,https://www.youtube.com/watch?v=ZDa1DMeEX0w,1704,24,25695,"Nov 26, 2019"
GRAND FINAL! - Mousesports vs ENCE - CS:GO Asia Championships - BEST MOMENTS | CSGO,https://www.youtube.com/watch?v=NwumLTBLDqM,2060,62,146850,"Nov 24, 2019"
"HE SPENT $40,000 ON CSGO CASES? SHOX SHOWS SECRET HACK! GOD_RIGHT IS BACK! - CS:GO TWITCH CLIPS #749",https://www.youtube.com/watch?v=CHgwicTZe2g,415,16,8244,"Nov 26, 2019"
"CS:GO Update: Halo Themed Stickers, FPS fix & more!",https://www.youtube.com/watch?v=YWCNZVYjaoI,1920,27,13615,"Nov 26, 2019"
no knives were unboxed in this CSGO video.,https://www.youtube.com/watch?v=7WsKjb3qrXs,4403,58,57217,"Nov 24, 2019"
CS:GO MOMENTS THAT MAKE ME ANGRY...,https://www.youtube.com/watch?v=x9f5Ad_G67A,3320,53,60796,"Nov 23, 2019"
"CSGO - People Are Awesome #154 Best oddshot, plays, highlights",https://www.youtube.com/watch?v=QPtmM1U7z24,6624,189,358120,"Nov 19, 2019"
CS:GO CO-OP MISSION HIGHLIGHTS WITH HACE (VIRUS OUTBREAK),https://www.youtube.com/watch?v=R-uUgr5JmF4,27816,370,441999,"Nov 26, 2019"
PLAYING IN A CSGO TOURNAMENT,https://www.youtube.com/watch?v=X2Xm8Ps25WA,30478,491,1072106,"Oct 24, 2019"
Csgo,https://www.youtube.com/watch?v=EZxUyHrP2l4&list=RDQMRNthqWz2WXM&start_radio=1,63010,927,2683746,"Feb 8, 2016"
"i opened 250 NEW csgo SHATTERED WEB cases, and got this...",https://www.youtube.com/watch?v=VP8nYIYZdpA,5478,216,122322,"Nov 21, 2019"
CSGO Joke Weapon: Desert Eagle x10,https://www.youtube.com/watch?v=VGeDEPG0EP0,3038,51,55269,"Nov 26, 2019"
Best CS:GO Pro Aces of 2019 (INSANE ACE CLUTCHES),https://www.youtube.com/watch?v=dFN_Fz77NAU,1544,42,93262,"Nov 17, 2019"
CHRISJ - WAS THIS AIMLOCK!? NEW CS:GO MODELS BROKE THE GAME!! - Twitch Recap CSGO,https://www.youtube.com/watch?v=RBGhH_z8fzI,1856,85,93416,"Nov 23, 2019"
FULL DAY 24.11.2019 — CS:GO Asia Championships,https://www.youtube.com/watch?v=An07JMUKctQ,69,2,5950,"Streamed live on Nov 23, 2019"
The Story of CS:GO: The Game That Never Dies,https://www.youtube.com/watch?v=H8Nv--NOU2k,36512,412,635559,"Nov 9, 2019"
Best CS:GO Pro Aces of 2019 (INSANE ACE CLUTCHES),https://www.youtube.com/watch?v=dFN_Fz77NAU,1544,42,93262,"Nov 17, 2019"
How bad Silvers really are in CS:GO?,https://www.youtube.com/watch?v=rKVlIpJ0O2Q,15787,399,409870,"Nov 10, 2019"
How NiKo Really Plays CS:GO 2,https://www.youtube.com/watch?v=i_ySDcneJq4,56798,349,613234,"Nov 23, 2019"
Shroud vs CSGO Matchmaking,https://www.youtube.com/watch?v=cAzjxIircGQ,13495,239,677582,"Aug 11, 2019"
20 Times CS:GO Pro Players TROLLED! (Funny Moments),https://www.youtube.com/watch?v=dE1W7kF2z18,3811,85,211998,"Nov 9, 2019"
How It Feels To Be a GIRL in CSGO,https://www.youtube.com/watch?v=ohZqK2X37xk,28529,337,358105,"Nov 21, 2019"
"Case Opening, but every case has 1% chance for a Dream CSGO skin.",https://www.youtube.com/watch?v=c2K5NYl_Zec,1392,67,43038,"Nov 22, 2019"
CS:GO - Astralis vs. FaZe Clan [Dust2] Map 1 - Semifinals - IEM Beijing-Haidian 2019,https://www.youtube.com/watch?v=NXyaVLCDiCQ,1670,49,145285,"Nov 9, 2019"
Easy FPS Boost for CSGO! Wow Check out this Absolutely Incredible Gameplay in CSGO OVERWATCH!,https://www.youtube.com/watch?v=BvhiXr2fnRM,397,13,7921,"Nov 26, 2019"
CS:GO ALL NEW RARE KNIFE ANIMATIONS + SKINS,https://www.youtube.com/watch?v=JXKopd_ZxXw,55523,814,1217975,"Nov 20, 2019"
BEST PRO CS:GO DEAGLE PLAYS 2019 - part 2,https://www.youtube.com/watch?v=Li3i1vQ90jU,7122,65,81110,"Nov 22, 2019"
"HUGE CS:GO UPDATE, NEW OPERATION!",https://www.youtube.com/watch?v=wfUW2rLrGJo,7961,191,229515,"Nov 18, 2019"
FULL DAY 24.11.2019 — CS:GO Asia Championships,https://www.youtube.com/watch?v=An07JMUKctQ,69,2,5950,"Streamed live on Nov 23, 2019"
FINAL : MOUSESPORTS vs ENCE — CS:GO Asia Championships,https://www.youtube.com/watch?v=Q5LqG0QltCs,58,3,6031,"Streamed live on Nov 24, 2019"
"CSGO - People Are Awesome #153 Best oddshot, plays, highlights",https://www.youtube.com/watch?v=5HeVYC42grI,15393,572,1712244,"Apr 15, 2019"
"SHOWMATCH!! - WORLD vs CHINA! (KennyS, Fallen, Tarik, Karrigan, Jame) - BEST MOMENTS | CSGO",https://www.youtube.com/watch?v=p7TYjDidDGQ,2031,57,105601,"Nov 23, 2019"
CSGO Pros Try New Mission! (FUNNY),https://www.youtube.com/watch?v=02EQ0GSpHo8,5523,133,190593,"Nov 19, 2019"
i opened 50 new CSGO cases and i got this..,https://www.youtube.com/watch?v=DRE0kKamDqw,44157,1273,408343,"Nov 19, 2019"
The Best Play With Every Single Weapon in CS:GO!,https://www.youtube.com/watch?v=GWZEtUQSAfg,9942,465,457966,"Oct 11, 2019"
WHEN CS:GO PROS FLICKSHOT..,https://www.youtube.com/watch?v=U_rNpwx7TnQ,7656,143,161833,"Nov 17, 2019"
"Big Vlog in the Big City - ESL One NYC | Team Liquid CSGO ft NAF, Elige, Stewie, Twistzz and Nitr0",https://www.youtube.com/watch?v=QKbSi2Hwhow,2354,29,64194,"Premiered Nov 5, 2019"
WHEN CS:GO PROS FLICKSHOT..,https://www.youtube.com/watch?v=U_rNpwx7TnQ,7656,143,161833,"Nov 17, 2019"
STEWIE2K'S CRAZY PEEKING METHOD! SHROUD'S AIM EXPLAINED! CS:GO Twitch Clips,https://www.youtube.com/watch?v=0J7is1YjFWI,2609,100,189201,"Nov 5, 2019"
SWAG FINALLY RETURNS TO STREAM! HIS DEAGLE AIM IS INCREDIBLE! CS:GO Twitch Clips,https://www.youtube.com/watch?v=CrQiqcBX8Es,2495,81,158240,"Nov 17, 2019"
FINAL GAME! - FaZe vs Fnatic - ESL Pro League - BEST MOMENTS | CSGO,https://www.youtube.com/watch?v=pU4KB3O2dxo,1879,68,149789,"Nov 18, 2019"
LOSER GOES HOME! - G2 vs Evil Geniuses - CS:GO Asia Championships - BEST MOMENTS | CSGO,https://www.youtube.com/watch?v=TE8O-mDDMyY,1075,48,101496,"Nov 21, 2019"
SWAG WATCHES STEWIE2K GO INSANE! VALVE HUGE MISTAKE! CS:GO Twitch Clips,https://www.youtube.com/watch?v=c4rV_IO8ivo,1902,46,106777,"Nov 23, 2019"
20 Times CS:GO Pro Players TROLLED! (Funny Moments),https://www.youtube.com/watch?v=dE1W7kF2z18,3811,85,211998,"Nov 9, 2019"
The Best Play With Every Single Weapon in CS:GO!,https://www.youtube.com/watch?v=GWZEtUQSAfg,9942,465,457966,"Oct 11, 2019"
i opened EVERY case in csgo and this is what i got.,https://www.youtube.com/watch?v=aX3ACO4Sfkk,45951,1250,396944,"Sep 5, 2019"
SEMI FINAL! - MIBR vs ENCE - CS:GO Asia Championships - BEST MOMENTS | CSGO,https://www.youtube.com/watch?v=Lhx8dWW9OdM,815,28,55772,"Nov 24, 2019"
THIS SHOT MADE CASTERS SPEECHLESS!! KENNYS WHIFFS LIKE SILVER!! - Twitch Recap | CSGO,https://www.youtube.com/watch?v=2VFharVwVoA,3333,135,182068,"Nov 13, 2019"
ROAD TO GLOBAL?!?!?! - CSGO MATCHMAKING,https://www.youtube.com/watch?v=C62H7Nd5n4U,15562,257,634500,"Jul 23, 2019"
NEW CT MODELS ARE OP? S1MPLE SUPER CLEAN AIM! CS:GO Twitch Clips,https://www.youtube.com/watch?v=FhUaXKAdZYU,2093,87,108747,"Nov 21, 2019"
0 IQ SNEAKY BEAKY PLAYERS! - CS:GO BEST ODDSHOTS #406,https://www.youtube.com/watch?v=eOUOQSRqABI,6233,152,248199,"Nov 3, 2019"
RGB Skins for CSGO,https://www.youtube.com/watch?v=0RoeSMlwywE,10365,81,242749,"Nov 20, 2019"
THE NEW CS:GO OPERATION IS HERE! Operation Shattered Web!,https://www.youtube.com/watch?v=Tdr-OS2W4gc,1676,86,53772,"Nov 18, 2019"
800 IQ or 1 IQ team? - CS:GO BEST ODDSHOTS #407,https://www.youtube.com/watch?v=zI7j7Ev7cvQ,7374,226,312425,"Nov 9, 2019"
"STEWIE2K WON $1,000,000 IN CSGO! BOOMBL4 EATS ENEMIES! CS:GO Twitch Clips",https://www.youtube.com/watch?v=yUmbqC6In-8,1853,86,77264,"Jul 22, 2019"
S1MPLE SPINNING DEAGLE! STEWIE2K SUPER AWPING! CS:GO Twitch Clips,https://www.youtube.com/watch?v=1FYm8TrcmNA,1481,66,82556,"Nov 4, 2019"
S1MPLE SPINNING DEAGLE! STEWIE2K SUPER AWPING! CS:GO Twitch Clips,https://www.youtube.com/watch?v=1FYm8TrcmNA,1481,66,82556,"Nov 4, 2019"
"STEWIE2K WON $1,000,000 IN CSGO! BOOMBL4 EATS ENEMIES! CS:GO Twitch Clips",https://www.youtube.com/watch?v=yUmbqC6In-8,1853,86,77264,"Jul 22, 2019"
EPIC VAC MOMENT!! SWAG SHOWS INSANE AWP SKILLS!! - Twitch Recap | CSGO,https://www.youtube.com/watch?v=NORxf3rabdI,1346,59,73189,"Nov 21, 2019"
VALVE MUST REALLY HATE TENZ! ANOMALY INVISIBILITY CHEATING!? OMFG N0THING! - CS:GO TWITCH CLIPS #745,https://www.youtube.com/watch?v=ipMhlvXvI4k,1153,56,47596,"Nov 22, 2019"
SMARTEST PRO CS:GO PLAYS 2019,https://www.youtube.com/watch?v=c_OHlcEooL0,7648,88,105823,"Nov 8, 2019"
STEWIE2K IS PHENOMENAL!! S1MPLE HITS UNREAL 180 FLICK!! - Starladder Berlin Major | CSGO,https://www.youtube.com/watch?v=4mkYiY_QLAo,3030,108,138554,"Sep 1, 2019"
CS:GO Update: New item 'Storage Units' - Map & Agent Improvements,https://www.youtube.com/watch?v=iO6Rgh69xmg,6178,86,122852,"Nov 22, 2019"
EVEN SCREAM COULD NOT BELIEVE HE HIT THIS 1 TAP! CS:GO Twitch Clips,https://www.youtube.com/watch?v=IorM3u22IEg,1542,59,82819,"Nov 20, 2019"
The Gun that Broke CS:GO,https://www.youtube.com/watch?v=n8RjIkhZmfA,13575,378,548848,"Oct 31, 2019"
SHROUD RETURNS WITH HUGE FLICK! S1MPLE DESTROYS G2! CS:GO Twitch Clips,https://www.youtube.com/watch?v=sfLgywyjkOE,3245,123,199847,"Oct 22, 2019"
FaZe vs Vitality - ESL Pro League - BEST MOMENTS | CSGO,https://www.youtube.com/watch?v=zmLk1e83D0Y,969,38,81561,"Nov 16, 2019"
SCREAM WANTS THE SG553 REMOVED! WALLBANG WAS INCREDIBLE! CS:GO Twitch Clips,https://www.youtube.com/watch?v=3nqWgMf7Jx0,1621,51,86152,"Nov 14, 2019"
When S1mple streams #15 - Stream highlights - CSGO,https://www.youtube.com/watch?v=FSbnUJMLVo0,638,20,41468,"Nov 16, 2019"
S1MPLE HAS BEST TACTICS IN CSGO? RIDICULOUS SPRAY! CS:GO Twitch Clips,https://www.youtube.com/watch?v=JpZqd6h5DU8,1543,46,90633,"Nov 11, 2019"
MY TOP 10 FAVORITE SKINS IN CSGO,https://www.youtube.com/watch?v=UI6lI6AJokE,38554,1374,696301,"Nov 13, 2019"
MIBR vs Tyloo - CS:GO Asia Championships - BEST MOMENTS | CSGO,https://www.youtube.com/watch?v=e0o3sCrGTIw,419,23,32067,"Nov 21, 2019"
"Pro CS:GO Plays During Which People Call Pros ""Cheaters""",https://www.youtube.com/watch?v=pWexjQbKLU4,3419,150,214100,"Nov 13, 2019"
The FUNNIEST MOMENTS in CS:GO - September,https://www.youtube.com/watch?v=hHSSspTs768,3570,98,174172,"Oct 4, 2019"
WTF!? - G2 vs Tyloo - CS:GO Asia Championships - BEST MOMENTS | CSGO,https://www.youtube.com/watch?v=AW8XJ5U-x58,665,33,54980,"Nov 19, 2019"
MIBR vs EG - CS:GO Asia Championships - BEST MOMENTS | CSGO,https://www.youtube.com/watch?v=d1aSgxAYMU0,609,18,47335,"Nov 20, 2019"
TenZ REACTS To New OPERATION - SHATTERED WEB | CSGO,https://www.youtube.com/watch?v=btqTjD-5kvY,429,72,37201,"Nov 18, 2019"
"Pro CS:GO Plays During Which People Call Pros ""Cheaters""",https://www.youtube.com/watch?v=pWexjQbKLU4,3419,150,214100,"Nov 13, 2019"
THIS SHOT MADE CASTERS SPEECHLESS!! KENNYS WHIFFS LIKE SILVER!! - Twitch Recap | CSGO,https://www.youtube.com/watch?v=2VFharVwVoA,3333,135,182068,"Nov 13, 2019"
GRAND FINAL - Avangar vs Astralis - StarLadder Major 2019 - CS:GO,https://www.youtube.com/watch?v=KsjiW7HWP3M,1759,95,221287,"Sep 8, 2019"
G2 vs BIG - ESL Pro League - BEST MOMENTS | CSGO,https://www.youtube.com/watch?v=YVMFDMtChQM,371,19,32145,"Nov 15, 2019"
EPIC FINAL GAME!! - NaVi vs G2 - ESL Pro League - BEST MOMENTS | CSGO,https://www.youtube.com/watch?v=M2nzAESz2rY,1544,64,133296,"Oct 19, 2019"
THE 9TH CS:GO OPERATION: SHATTERED WEB + UPDATE SUMMARY,https://www.youtube.com/watch?v=cOvTiya2mAE,6477,81,114727,"Nov 18, 2019"
I've Opened 1438 New CS:GO Cases...,https://www.youtube.com/watch?v=Nxh3mAY8JyQ,9426,527,92619,"Nov 25, 2019"
PLAYER SKIN GLITCH - MAKES YOU INVISIBLE (GAME BREAKING),https://www.youtube.com/watch?v=YbYgE4-EY60,46435,1152,1035511,"Nov 23, 2019"
CS:GO - BEST PLAYS OF ESL ONE COLOGNE 2019!,https://www.youtube.com/watch?v=ME23J6KrEDc,2253,85,245215,"Jul 8, 2019"
CSGO in 2019... - CS:GO BEST ODDSHOTS #382,https://www.youtube.com/watch?v=nXtaatULArc,4348,83,144476,"Jul 17, 2019"
100 THIEVES CSGO DOMINATES WITH FIRST-EVER GRAND FINAL!,https://www.youtube.com/watch?v=FSvg1Sbwv9Y,3677,19,64559,"Nov 22, 2019"
SEMI FINAL! - FaZe vs Astralis - IEM Beijing - BEST MOMENTS | CSGO,https://www.youtube.com/watch?v=D1E8x5Ghrpk,1547,57,98477,"Nov 9, 2019"
MIRAGE 900 IQ BROKEN PIXELS! - CS:GO BEST ODDSHOTS #405,https://www.youtube.com/watch?v=t25_kz_pCSc,6231,178,249106,"Oct 28, 2019"
Fnatic vs Vitality - ESL Pro League - BEST MOMENTS | CSGO,https://www.youtube.com/watch?v=_9z7oTBnGoE,568,28,52218,"Nov 17, 2019"
G2 vs North - ESL Pro League - BEST MOMENTS | CSGO,https://www.youtube.com/watch?v=sEHAtq-nBG4,505,17,45991,"Nov 14, 2019"
SCREAM FINALLY RETURNS TO STREAM! HIS AIM IS INCREDIBLE! CS:GO Twitch Clips,https://www.youtube.com/watch?v=3gB2lJSdSJ4,2050,74,126766,"Nov 12, 2019"
PRO SAVES ROUND WITH R8? SCREAM INSANE PLAYS! CS:GO Twitch Clips!,https://www.youtube.com/watch?v=yPG_CZBTfFM,14014,2708,1878184,"Oct 29, 2017"
S1MPLE MAKES A CRAZY PREDICTION! NEYMAR 1v3 CLUTCH! CS:GO Twitch Clips,https://www.youtube.com/watch?v=NNcHFKazNnU,1703,53,96481,"Nov 6, 2019"
PRO SAVES ROUND WITH R8? SCREAM INSANE PLAYS! CS:GO Twitch Clips!,https://www.youtube.com/watch?v=yPG_CZBTfFM,14014,2708,1878184,"Oct 29, 2017"
S1MPLE MAKES A CRAZY PREDICTION! NEYMAR 1v3 CLUTCH! CS:GO Twitch Clips,https://www.youtube.com/watch?v=NNcHFKazNnU,1703,53,96481,"Nov 6, 2019"
EPIC GRAND FINAL - Vitality vs Fnatic - DreamHack Masters Malmö - BEST MOMENTS | CSGO,https://www.youtube.com/watch?v=pvbCu30eNuQ,1897,57,142229,"Oct 6, 2019"
S1MPLE VS DEVICE - 1V1 - OMEN Challenge | CSGO,https://www.youtube.com/watch?v=r5hqg6Sjb8o,5356,135,394844,"Sep 20, 2019"
The GOD Of CS:GO! BEST OF s1mple! (2019 Highlights) - CS:GO,https://www.youtube.com/watch?v=ILC-bk9SaYQ,6864,188,764722,"Aug 5, 2019"
Was CS:GO really better before? (Oldest 2011 CS:GO),https://www.youtube.com/watch?v=HCRKWLeWf_A,56655,1498,1450690,"Sep 18, 2019"
BEST PRO CS:GO Deagle Plays 2019,https://www.youtube.com/watch?v=YnQsv1jUyGs,14689,199,344917,"Aug 6, 2019"
CS:GO - ESL One Cologne 2019 (Fragmovie) *BEST PLAYS*,https://www.youtube.com/watch?v=lI7QCNuHaRk,9592,106,268157,"Jul 10, 2019"
The ULTIMATE CS:GO LOADOUT Under $150 (Knife Included) 2019,https://www.youtube.com/watch?v=krJm6jGMQe8,1092,38,19594,"Nov 25, 2019"
HOW A PRO WARMS UP IN CSGO,https://www.youtube.com/watch?v=JgZf5VyC0VE,14678,159,344746,"Jun 29, 2019"
RARE CS:GO MOMENTS! (ONE IN A MILLION),https://www.youtube.com/watch?v=Bhr3H5kVmrk,11863,519,940253,"Jun 22, 2019"
CSGO VR!!,https://www.youtube.com/watch?v=xy1gghJRcfI,60518,1000,2223854,"Aug 8, 2019"
"BEST OF ""BEST ODDSHOTS"" #400 CS:GO (SPECIAL)",https://www.youtube.com/watch?v=HNzlrTukUas,6024,134,142220,"Oct 5, 2019"
VERY HARD JUMPS IN CS:GO,https://www.youtube.com/watch?v=F1lWaSnN7T0,70950,1378,1871233,"Sep 26, 2019"
S1MPLE FAKE AWP THROW 2.0! NEW 100T CSGO TEAM! CS:GO Twitch Clips,https://www.youtube.com/watch?v=hC23h_NGlfY,1802,52,107760,"Oct 31, 2019"
StarLadder CS:GO MAJOR 2019 PLAYOFFS - BEST PLAYS,https://www.youtube.com/watch?v=6aQsKLyTws4,8244,102,138427,"Sep 11, 2019"
STEWIE2K THINKS NEW CACHE IS TRASH! PHOON RETURNS! CS:GO Twitch Clips,https://www.youtube.com/watch?v=2iirERse6Fc,2648,156,144834,"Oct 26, 2019"
HE NEEDS CHEATS TBH - CSGO Overwatch,https://www.youtube.com/watch?v=BA_G-6yMFTw,8040,264,173904,"Nov 17, 2019"
CSGO MOMENTS THAT WILL SAVE THE TREES,https://www.youtube.com/watch?v=FQzbR3hlL0s,78343,675,1378738,"Oct 31, 2019"
1 CASE DROP = 1 NEW KNIFE,https://www.youtube.com/watch?v=i0w2Sw-319g,11266,513,453971,"Nov 19, 2019"
PRO VAC MOMENTS | CSGO,https://www.youtube.com/watch?v=P3ldYSoghhQ,11349,323,563340,"Jul 12, 2019"
LARGE BRAIN CS:GO 🧠,https://www.youtube.com/watch?v=57Kg_NajU2Y,4729,94,132919,"Oct 30, 2019"
Fishy or Not Fishy #127 - CSGO Overwatch,https://www.youtube.com/watch?v=X17Xu0_iTr0,1337,49,36417,"Nov 16, 2019"
"Twistzz is becoming a CoD Pro?!  | Team Liquid CSGO Vlog ft NAF, Elige, Stewie, and Nitr0",https://www.youtube.com/watch?v=yW6IWbkBkxY,3283,42,96843,"Premiered Nov 14, 2019"
PROS PLAY NEW OPERATION SHATTERED WEB! DOUBLE JUAN DEAG! CS:GO Twitch Clips,https://www.youtube.com/watch?v=AjZEgtSpy3I,1847,141,91080,"Nov 19, 2019"
Astralis Journey In STARLADDER BERLIN MAJOR 2019 (CS:GO),https://www.youtube.com/watch?v=TTNfehNBiB4,6141,48,103328,"Nov 23, 2019"
300 IQ or 1 IQ team? - CS:GO BEST ODDSHOTS #373,https://www.youtube.com/watch?v=fO7Xha8Dis0,14425,647,806455,"Jun 14, 2019"
I Did A Faceit Tournament - CSGO,https://www.youtube.com/watch?v=p0GfjTk-jic,3797,97,128455,"Sep 9, 2019"
S1MPLE FINALLY RETURNS TO STREAM! HE'S INSANE! CS:GO Twitch Clips,https://www.youtube.com/watch?v=mkPLxpvKxGg,2021,73,112242,"Sep 17, 2019"
When CS:GO Pros Show Their Dark Side (RAGE & TOXIC MOMENTS),https://www.youtube.com/watch?v=ZI4S3OuqXds,1721,55,107344,"Nov 7, 2019"
"CS:GO - BEST PRO MOMENTS! 2018 (Flickshots, Crazy Clutches, Inhuman Reactions, ACEs, Best Frags)",https://www.youtube.com/watch?v=mawYSZHKnsM,33097,926,2809439,"Premiered Dec 18, 2018"
How Twistzz Really Plays CS:GO,https://www.youtube.com/watch?v=sJSnWqZWXr4,70422,858,1303405,"Sep 3, 2019"
FASTEST PRO CS:GO ACES 2019,https://www.youtube.com/watch?v=zUQaTMZg8s4,7636,68,120355,"Oct 24, 2019"
Liquid vs New Cloud9 - BLAST Pro Series Copenhagen - BEST MOMENTS | CSGO,https://www.youtube.com/watch?v=TuAI2LwRb9Y,652,17,55003,"Nov 1, 2019"
GRAND FINAL! - Liquid with adreN vs ATK - ECS - BEST MOMENTS | CSGO,https://www.youtube.com/watch?v=QwAGgpc4m6U,1395,53,115594,"Oct 24, 2019"
BEST CS:GO FPL Plays 2019 #2,https://www.youtube.com/watch?v=zdhEqKjTgwM,10498,84,144890,"Sep 20, 2019"
.1 FPS CSGO,https://www.youtube.com/watch?v=3uwlg57Ie_8,10569,500,325099,"Oct 24, 2019"
CS:GO - BEST PLAYS OF STARLADDER MAJOR 2019 - LEGENDS STAGE!,https://www.youtube.com/watch?v=QOvJaFkRk6w,1692,74,150420,"Sep 2, 2019"
NEW CACHE!! - EPIC SHOWMATCH - ESL One New York 2019 - CS:GO,https://www.youtube.com/watch?v=U08xvrk38hE,5220,136,381728,"Sep 29, 2019"
"SHROUD AND OLD C9 ARE BACK! ""100% CONFIRMED* CS:GO Twitch Clips",https://www.youtube.com/watch?v=HhIiFvppFuA,4010,205,187539,"Aug 20, 2019"
1 FPS CSGO,https://www.youtube.com/watch?v=PRDHAGpjB24,20311,508,427325,"Aug 2, 2019"
SEMI-FINAL! - FaZe vs Astralis - ECS - BEST MOMENTS | CSGO,https://www.youtube.com/watch?v=-nuTQ6ydELo,1490,58,129596,"Oct 22, 2019"
SEMI-FINAL! - G2 vs Fnatic - StarSeries Belek - BEST MOMENTS | CSGO,https://www.youtube.com/watch?v=ujb6Iit5Pq0,882,30,81563,"Oct 25, 2019"
EPIC GAME!! - FaZe vs EG - IEM Beijing 2019 - CS:GO,https://www.youtube.com/watch?v=xipkXG-QR6s,501,22,43773,"Nov 7, 2019"
GRAND FINAL! - Astralis vs 100 Thieves - IEM Beijing - BEST MOMENTS | CSGO,https://www.youtube.com/watch?v=YxE4QLMgUJY,1311,53,100392,"Nov 10, 2019"
SEMI FINAL! - MIBR vs ATK - ECS - BEST MOMENTS | CSGO,https://www.youtube.com/watch?v=5rM18ZtPHsk,519,24,44987,"Oct 30, 2019"
EPIC GAME! - Liquid vs NaVi - BLAST Pro Series Copenhagen - BEST MOMENTS | CSGO,https://www.youtube.com/watch?v=AHxKgAiedzQ,771,25,56047,"Nov 1, 2019"
CSGO Pros Answer: Who Are The Top 3 Aimers?,https://www.youtube.com/watch?v=rzifLjmpiSA,6029,58,227756,"Oct 30, 2019"
800 IQ GRAFFITI BAIT! - CS:GO BEST ODDSHOTS #383,https://www.youtube.com/watch?v=bw-GTpfZfVA,23752,847,1047683,"Jul 22, 2019"
This Gun is Breaking CS:GO and Pissing Everyone Off!,https://www.youtube.com/watch?v=Yku4kt-s_3Q,8350,251,239861,"Nov 18, 2019"
CS:GO - NA PRO NADES VS EU PRO NADES(Who is better?),https://www.youtube.com/watch?v=QEbQjJ1sR10,1338,48,97861,"Nov 12, 2019"
WHEN CS:GO PROS HAVE PERFECT MOVEMENT,https://www.youtube.com/watch?v=IoC2Q0tQhvY,26560,418,714315,"Jun 20, 2019"
CS GO : Go next,https://www.youtube.com/watch?v=pLZjd36itZk,56,0,455,"Nov 26, 2019"
STUNNING MID-AIR DEAGLE! S1MPLE BROKE HIS WRIST! CS:GO Twitch Clips,https://www.youtube.com/watch?v=5cj1ox6n-fI,1280,28,66574,"Nov 9, 2019"
New Operation!  SG553 NERF!  Custom Player Skins!?,https://www.youtube.com/watch?v=lKf6daQ4Z8I,16637,239,302885,"Nov 20, 2019"
GRAND FINAL - 100 Thieves vs Astralis - IEM Beijing 2019 - CS:GO,https://www.youtube.com/watch?v=qGYGEU0Grms,484,38,47683,"Nov 10, 2019"
DECIDER MATCH!! - NaVi vs Cr4zy - Starladder Berlin MAJOR - BEST MOMENTS | CSGO,https://www.youtube.com/watch?v=e3lGXDtot0w,1245,46,111565,"Sep 2, 2019"
20 Most UNDERRATED Pistol Round Plays in CS:GO History!,https://www.youtube.com/watch?v=o6qiG2LiqEg,1016,29,45420,"Nov 12, 2019"
FAZE NIKO AND COLDZERA UNSTOPPABLE TOGETHER! STUNNING AIM! CS:GO Twitch Clips,https://www.youtube.com/watch?v=aWEggmTXTrM,1543,38,83475,"Nov 7, 2019"
GRAND FINAL!! - FaZe vs NIP - BLAST Pro Series Copenhagen - BEST MOMENTS | CSGO,https://www.youtube.com/watch?v=r4YzQynfqm8,2052,71,142056,"Nov 2, 2019"
FaZe vs HellRaisers - ESL Pro League - BEST MOMENTS | CSGO,https://www.youtube.com/watch?v=Q5grf-LzXw8,340,8,30267,"Nov 17, 2019"
Reviewing The STRANGEST CHEATS in CS:GO! (csgo overwatch),https://www.youtube.com/watch?v=tk5s-o3uBPE,1671,140,50969,"Nov 7, 2019"
CS:GO - Best PRO Moments! (2018),https://www.youtube.com/watch?v=qZCzD4Q-oLI,10732,264,559571,"Mar 7, 2019"
Vitality vs FaZe - IEM Beijing - BEST MOMENTS | CSGO,https://www.youtube.com/watch?v=gdwERcxNv8Y,920,26,74873,"Nov 7, 2019"
EPIC GAME! - FaZe vs Mousesports - ESL Pro League - BEST MOMENTS | CSGO,https://www.youtube.com/watch?v=drh3Cpz2trY,610,23,55292,"Oct 10, 2019"
S1MPLE SHOWS WHY HE'S THE CSGO GOD! NEW PRO WALLBANG! CS:GO,https://www.youtube.com/watch?v=k3rGp_3BZ6U,1800,82,93667,"Jun 27, 2019"
FNATIC BRING BACK OLD CZ75 META! CSGO TIMING IS THE WORST! CS:GO Twitch Clips,https://www.youtube.com/watch?v=4pw_c3295Cc,2299,60,117605,"Oct 6, 2019"
FaZe Clan vs Virtus.Pro - ECS - BEST MOMENTS | CSGO,https://www.youtube.com/watch?v=9azcm9ORfZs,974,39,93456,"Oct 29, 2019"
The Best Play From Every Single Country in CS:GO!,https://www.youtube.com/watch?v=9JdorjJQHgk,5123,390,194914,"Oct 19, 2019"
CS:GO Indonesia - Kebodohan didalam Kebodohan,https://www.youtube.com/watch?v=GBiXXbG02qw,271362,2861,5099115,"Aug 30, 2019"
New FaZe Young Talent! - Broky - HIGHLIGHTS | CSGO,https://www.youtube.com/watch?v=f7AaCGvoc2U,759,39,52016,"Sep 25, 2019"
800 IQ NADE PREDICITONS! - CS:GO BEST ODDSHOTS #395,https://www.youtube.com/watch?v=_lPRLKpG4DU,12522,400,619603,"Sep 7, 2019"
The Worst CS:GO Pro Fails Of 2019! (Funny Moments),https://www.youtube.com/watch?v=j2OKXAgJKTA,1769,57,125470,"Nov 14, 2019"
EPIC GAME!! - NaVi vs NRG - Starladder Berlin MAJOR - BEST MOMENTS | CSGO,https://www.youtube.com/watch?v=wnZOVddLwS0,1236,54,99680,"Sep 6, 2019"
FINAL GAME! - Team Liquid vs Renegades - ESL Pro League | CSGO,https://www.youtube.com/watch?v=ETdDmHjY7fI,1538,48,104655,"Oct 16, 2019"
Top 10 Most legendary CS:GO voice comms,https://www.youtube.com/watch?v=HzmC7DF6GfE,18710,847,603356,"Oct 15, 2019"
EPIC COMEBACK!! - FaZe Clan vs BIG - ESL Pro League - BEST MOMENTS | CSGO,https://www.youtube.com/watch?v=cMV_JkJBvNw,516,33,46337,"Oct 9, 2019"
Liquid vs Astralis - Starladder Berlin MAJOR - BEST MOMENTS | CSGO,https://www.youtube.com/watch?v=hjwfoL4vQXo,1160,46,94290,"Sep 6, 2019"
"So, I Bought a SILVER CSGO Account",https://www.youtube.com/watch?v=_4U4Pr-cMM4,8967,213,193904,"Oct 8, 2019"
GRAND FINAL!! - EG vs fnatic - StarSeries Season 8 - CS:GO,https://www.youtube.com/watch?v=C8xf89B5N3o,482,45,52975,"Oct 27, 2019"
BEST OF ESL PRO LEAGUE! - HIGHLIGHTS & FUNNY MOMENTS | CSGO,https://www.youtube.com/watch?v=Jn5H2FTjLF0,639,32,58660,"Jun 24, 2019"
i opened 300 more csgo CS20 cases and this was the outcome.,https://www.youtube.com/watch?v=QOZ_3cNqewQ,3249,73,64526,"Nov 5, 2019"
INSANE 100x CSGO CASE OPENING 1v1 (3 knives),https://www.youtube.com/watch?v=VyM63cACzCE,7141,109,155723,"Sep 9, 2019"
S1MPLE IS NOT THE BEST CSGO PRO? RAIN'S 1 TAPS ARE INCREDIBLE! CS:GO Twitch Clips,https://www.youtube.com/watch?v=X94ljWLSa-U,2123,69,125819,"Sep 20, 2019"
"THE SICKEST PRO AWP PLAYS OF 2019! (CRAZY PLAYS, ACES, CLUTCHES!) - CS:GO",https://www.youtube.com/watch?v=nCc0AqtfJnY,2850,82,249055,"Jun 13, 2019"
Hilarious CS:GO Pro Knife Kills in Tournaments!,https://www.youtube.com/watch?v=QpYGdoFSMP8,1534,41,123012,"Nov 1, 2019"
G2 vs NIP - ESL Pro League - BEST MOMENTS | CSGO,https://www.youtube.com/watch?v=fQLNOxEB2LI,726,36,64549,"Nov 13, 2019"
CSGO SKIN DUPLICATION TROLLING!!!!,https://www.youtube.com/watch?v=QcVNseqbY84,7274,119,193344,"Nov 9, 2019"
"CS:GO PRO PLAYER SHARE TIPS AND TRICKS! ft Stewie2K, S1mple &MORE!",https://www.youtube.com/watch?v=-FDqMazd65E,26714,591,1522117,"Mar 23, 2019"
Team Liquid After Roster Changes (CS:GO),https://www.youtube.com/watch?v=f9_SYPADEuI,9127,112,211882,"Oct 12, 2019"
How Liquid Really Plays CS:GO,https://www.youtube.com/watch?v=JaxIQRBYjAQ,96583,1145,2043111,"Jun 29, 2019"
S1MPLE TOP PERFORMANCE! - NaVi vs Hellraisers - ESL Pro League - BEST MOMENTS | CSGO,https://www.youtube.com/watch?v=HSRVjzRHwYY,673,21,51625,"Oct 17, 2019"
S1MPLE MASTERED SG 553! WHY PROS NEVER PLAY MATCHMAKING! CS:GO Twitch Clips,https://www.youtube.com/watch?v=3ihyLqqTG9k,2098,129,117017,"Jul 16, 2019"
BEST PRO CS:GO WALLBANGS 2019,https://www.youtube.com/watch?v=oAvyaIdHM_4,10042,116,262718,"Aug 14, 2019"
STEWIE ALMOST CHOKED IT! NEW SECRET SURF SPOT! CS:GO Twitch Clips,https://www.youtube.com/watch?v=RpKfY7SGpY8,1468,66,74454,"Sep 16, 2019"
NiKo FULL PUNISH!! - FaZe Clan vs BIG - ECS - BEST MOMENTS | CSGO,https://www.youtube.com/watch?v=rMkWnNDUTcc,1424,41,83712,"Oct 14, 2019"
2015 S1MPLE RETURNS!? INSANE NEW 'CLASSIC' KNIFE UNBOXING! OLOFPASS 2019!? - CS:GO TWITCH CLIPS #711,https://www.youtube.com/watch?v=QOkAOTxLdR0,1644,110,77990,"Oct 19, 2019"
HIS FIRST TIME in CS:GO! - CS:GO BEST ODDSHOTS #397,https://www.youtube.com/watch?v=x7Fv1eQfo2g,4228,67,144505,"Sep 16, 2019"
THE NEW BEST CROSSHAIR IN CSGO! STEWIE TEACHES YOU HOW TO GO PRO! NIKO!?! - CS:GO TWITCH CLIPS #703,https://www.youtube.com/watch?v=DKBus7EisK8,1261,80,65890,"Oct 11, 2019"
SCREAM CAN'T BELIEVE HE HIT THIS SHOT! SHROUD'S EX-CSGO TEAM BAMBOOZLED! CS:GO Twitch Clips,https://www.youtube.com/watch?v=ahRM48NPG7I,1584,82,88541,"Jun 28, 2019"
EPIC SEMI FINAL! - Avangar vs Renegades - Starladder Berlin MAJOR - BEST MOMENTS | CSGO,https://www.youtube.com/watch?v=boCU8hSeGl0,1134,29,109404,"Sep 7, 2019"
so s1mple got 63 kills but still lost | csgo,https://www.youtube.com/watch?v=A2UnTwTTZ54,4168,141,208548,"Aug 4, 2019"
STEWIE2K SHOCKS THE WHOLE SERVER! KENNYS IS TOO FAST! CS:GO Twitch Clips,https://www.youtube.com/watch?v=U0YOggtwM-g,2517,75,136921,"Sep 22, 2019"
10 THINGS YOU WANT TO KNOW in CS:GO,https://www.youtube.com/watch?v=zEFLed507hk,51426,2916,2486436,"Jan 24, 2018"
LOSER GOES HOME!! - Liquid vs North - Starladder Berlin MAJOR - BEST MOMENTS | CSGO,https://www.youtube.com/watch?v=Q7WRIwL3xnY,1182,38,120252,"Aug 31, 2019"
400 IQ NADES PREDICITON! - CS:GO BEST ODDSHOTS #376,https://www.youtube.com/watch?v=tCkN1u-7Dks,7185,238,330554,"Jun 26, 2019"
FINAL - Fnatic vs EG - StarSeries Belek - BEST MOMENTS | CSGO,https://www.youtube.com/watch?v=IYQWwDmKUzs,1253,62,106092,"Oct 26, 2019"
SHROUD WON'T PLAY CSGO WITH STEWIE? 😢 S1MPLE 1 TAP MACHINE! CS:GO Twitch Clips,https://www.youtube.com/watch?v=HH2ix5R5qcA,1610,56,77122,"Jul 31, 2019"
CSGO New operation Shattered Web,https://www.youtube.com/watch?v=wHXQdU3Yhus,427,17,10026,"Streamed live on Nov 18, 2019"
SEMI - FINAL!! - Astralis vs NRG - Starladder Berlin MAJOR - BEST MOMENTS | CSGO,https://www.youtube.com/watch?v=AalRx69Fepk,927,27,83556,"Sep 7, 2019"
CS:GO - 10 IQ or 200 IQ? #3,https://www.youtube.com/watch?v=eVMgPfLpx-U,23086,876,857664,"Sep 15, 2019"
PROS PLAY NEW CACHE! SHROUD IS BACK ON LAN? CS:GO Twitch Clips,https://www.youtube.com/watch?v=mf9Di8sH0_Q,3606,387,180475,"Sep 29, 2019"
WTF?!! - FaZe Clan vs Astralis - BLAST Pro Series Copenhagen - BEST MOMENTS | CSGO,https://www.youtube.com/watch?v=ep63GfxAi3U,1201,17,70122,"Nov 1, 2019"
when you solo-queue CSGO 😍,https://www.youtube.com/watch?v=-LhYnRuG7w4,6218,91,125559,"Oct 5, 2019"
EPIC GAME! - G2 vs Liquid - IEM Chicago - BEST MOMENTS | CSGO,https://www.youtube.com/watch?v=CnA0g5SPZuo,3005,109,252284,"Jul 18, 2019"
i opened 250 new csgo CS20 cases and this was the outcome.,https://www.youtube.com/watch?v=_DZyI0EK-7I,10322,218,139407,"Oct 23, 2019"
Playing CS:GO On Woxic Sensitivity... (impossible),https://www.youtube.com/watch?v=4zLrDx13y64,7832,159,296597,"Sep 3, 2019"
The Top 10 Major Aces in CS:GO History,https://www.youtube.com/watch?v=BcM_w1iozWk,8023,199,300660,"Aug 21, 2019"
Cloud9 vs NRG - ECS - BEST MOMENTS | CSGO,https://www.youtube.com/watch?v=rT58yIvNbWE,871,25,83355,"Sep 18, 2019"
StarLadder CS:GO MAJOR QUALIFIER 2019 - BEST PLAYS,https://www.youtube.com/watch?v=gtjfa1Yh3aA,9565,85,180844,"Aug 27, 2019"
PROOF CSGO IS ❗STILL❗ BROKEN! BEST GUN CONFIRMED! VALVE PLEASE EXPLAIN! - CS:GO TWITCH CLIPS #695,https://www.youtube.com/watch?v=9DHoXcu6tEQ,1086,33,45040,"Oct 3, 2019"
The FUNNIEST MOMENTS in CS:GO - October,https://www.youtube.com/watch?v=IoFztOKxCVE,4589,114,191958,"Nov 4, 2019"
CSGO IN AN EARTHQUAKE? STEWIE2K AWP MADNESS! CS:GO Twitch Clips,https://www.youtube.com/watch?v=NOCd1UWs-r0,2353,94,124190,"Jul 6, 2019"
HIS FIRST TIME PLAYING CS:GO,https://www.youtube.com/watch?v=-xLiiv-LuWU,268862,4791,12634106,"May 20, 2017"
LANÇOU a NOVA OPERAÇÃO no CSGO com MUITAS NOVIDADES! - Operation Shattered Web,https://www.youtube.com/watch?v=c8TGjCwxQh0,4013,85,47292,"Nov 18, 2019"
New 400 IQ SPOT on DUST 2! - CS:GO BEST ODDSHOTS #399,https://www.youtube.com/watch?v=kR5qt04VmbM,5913,148,279589,"Sep 27, 2019"
S1MPLE SHOWS HIS GENIUS SPOT! PRO SMASHES HIS SETUP! CS:GO Twitch Clips,https://www.youtube.com/watch?v=WbKmMYmsWlI,3520,117,191995,"Aug 19, 2019"
why I play with girls in csgo,https://www.youtube.com/watch?v=Sy5WfH3J5kE,28376,479,562958,"Sep 1, 2019"
I Opened x100 *NEW* CSGO Shattered Web Cases and did the impossible..,https://www.youtube.com/watch?v=mrPTJ9jJ8nM,454,39,8908,"Nov 19, 2019"
STEW OUTRAGEOUS 1 TAPS! MOST OP CROSSHAIR EVER? CS:GO Twitch Clips,https://www.youtube.com/watch?v=PxtzcjdiRgY,2546,102,160066,"Aug 7, 2019"
10 Scientifically Proven CS:GO Tips For Better Aim,https://www.youtube.com/watch?v=Vo2yeqQp1Ts,13691,458,440287,"May 14, 2019"
GRAND FINAL!! - Liquid vs ENCE - IEM Chicago - BEST MOMENTS | CSGO,https://www.youtube.com/watch?v=2pLwZ8JS_Z0,4111,161,288741,"Jul 21, 2019"
S1MPLE WANTS OUT OF NA'VI? STEW'S PATIENCE PAYS OFF! CS:GO Twitch Clips,https://www.youtube.com/watch?v=pu-p2NxUdYE,2521,119,142739,"Sep 14, 2019"
StarLadder CS:GO MAJOR 2019 LEGENDS STAGE - BEST PLAYS,https://www.youtube.com/watch?v=pnGJZGIRE1k,11079,126,182566,"Sep 4, 2019"
Valve Fix The Hit Boxes! CSGO OVERWATCH,https://www.youtube.com/watch?v=sXw09_NtOVo,502,23,15211,"Nov 23, 2019"
QUARTER-FINAL!! - Vitality vs Avangar - Starladder Berlin MAJOR - BEST MOMENTS | CSGO,https://www.youtube.com/watch?v=DmDTEfEnOHg,1531,57,119715,"Sep 5, 2019"
EPIC GAME!! - Astralis vs NRG - Starladder Berlin MAJOR - BEST MOMENTS | CSGO,https://www.youtube.com/watch?v=obVi4GL8Bhc,1570,58,112828,"Aug 30, 2019"
STEWIE HOW DID YOU MISS? CLOUD9 DON'T KICK HIM! CS:GO Twitch Clips,https://www.youtube.com/watch?v=GZ4AajwV2eo,1387,49,77509,"Oct 21, 2019"
S1MPLE'S AIM IS UNREAL! NEW CACHE SECRET SPOT! CS:GO Twitch Clips,https://www.youtube.com/watch?v=Nsq3Wirtmso,2014,66,108502,"Oct 20, 2019"
CSGO LEGIT HACKING AGAINST RAGE HACKERS | MM HvH ft Skeet.cc Cheat,https://www.youtube.com/watch?v=7r1Eysqpftc,659,48,9468,"Nov 23, 2019"
STEWIE2k - 2019 HIGHLIGHTS | CSGO,https://www.youtube.com/watch?v=ldFtqr0jUSc,1893,54,200537,"Aug 13, 2019"
i opened 1500 csgo prisma cases and you wont believe what happened.,https://www.youtube.com/watch?v=z0v_05WFMCg,128771,2661,883929,"Aug 2, 2019"
"FaZe Teeqo plays CS:GO w/ Rug, Apex, Dubs & Megga",https://www.youtube.com/watch?v=Fw_uu2dIwqI,30434,283,235536,"Sep 24, 2019"
RARE MOMENTS in CS:GO,https://www.youtube.com/watch?v=SY1KV7LEzoo,26403,394,408261,"Aug 18, 2019"
EPIC SEMI-FINAL!! - Astralis vs fnatic - DreamHack Masters Malmo 2019 - CS:GO,https://www.youtube.com/watch?v=A2pOBoiZBaI,865,40,80295,"Oct 5, 2019"
MAJOR WINNER ROASTED BY MATCHMAKING NOOB! STEWIE2K WILL BE BACK! CS:GO Twitch Clips,https://www.youtube.com/watch?v=zVBMlBEHpSs,1894,82,112359,"Sep 11, 2019"
STEW ONLY NEEDS A DEAG! WORLD'S BEST VIEWMODEL! CS:GO Twitch Clips,https://www.youtube.com/watch?v=lD3AUCJ15EA,1835,56,110752,"Oct 29, 2019"
HOW DID STEWIE PREDICT THAT? SHROUD NEW TEAM! CS:GO Twitch Clips,https://www.youtube.com/watch?v=8Fw9eXF2s3s,2126,106,116722,"Jul 15, 2019"
STEWIE TRASHES CLOUD9! CRAZIEST SHOT IN CSGO HISTORY!? JW 1V1'S ANOMALY! - CS:GO TWITCH CLIPS #657,https://www.youtube.com/watch?v=WwsXwJYPV9k,1842,63,81707,"Aug 26, 2019"
Liquid vs eUnited - ECS - BEST MOMENTS | CSGO,https://www.youtube.com/watch?v=wD-4LI45yBc,798,42,79960,"Sep 16, 2019"
When CS:GO Pros Hit Crispy Clean Shots! (SATISFYING SHOTS),https://www.youtube.com/watch?v=aBoZAaSmMBU,2807,89,213114,"Oct 29, 2019"
STEWIE GETS OBLITERATED! FAZE COLDZERA IS INSANE! CS:GO Twitch Clips,https://www.youtube.com/watch?v=QiNwnkTr5fo,2261,60,127352,"Sep 26, 2019"
THE BEST PRO WALLBANGS OF 2019! (SATISFYING VAC SHOTS!) - CS:GO,https://www.youtube.com/watch?v=DP_rm2rChkw,2850,104,205404,"Premiered Jul 25, 2019"
GRAND FINAL - Liquid vs Vitality - ESL One Cologne 2019 - CS:GO,https://www.youtube.com/watch?v=vrxFllpl0d0,1803,95,190873,"Jul 7, 2019"
TOP 25 CS:GO PRO PLAYS OF 2018! (THE BEST FRAG HIGHLIGHTS OF THE YEAR),https://www.youtube.com/watch?v=u49F2IklPos,11073,604,1663433,"Dec 19, 2018"
EPIC GAME!! - NaVi vs G2 - Starladder Berlin MAJOR - BEST MOMENTS | CSGO,https://www.youtube.com/watch?v=ZuHdrVlcXrc,2008,73,135109,"Aug 28, 2019"
GRAND FINAL! - Fnatic vs Virtus.Pro - ECS - BEST MOMENTS | CSGO,https://www.youtube.com/watch?v=FbIw9y88aLw,852,31,67110,"Oct 31, 2019"
S1MPLE'S NEW SECRET MOUSE LEAKED! AWP INSANE DUST2 HOLD! CS:GO Twitch Clips,https://www.youtube.com/watch?v=W3R_H_p56Vc,2323,76,118767,"Jul 18, 2019"
COMEBACK IN SEMI FINAL!! - Mousesports vs Tyloo - CS:GO Asia Championships - BEST MOMENTS | CSGO,https://www.youtube.com/watch?v=VeEcqTw3-F8,485,21,30070,"Nov 24, 2019"
800 IQ SURPRISE BAIT! - CS:GO BEST ODDSHOTS #404,https://www.youtube.com/watch?v=Syjx7eXScnQ,8459,282,386003,"Oct 23, 2019"
FaZe vs EG - IEM Beijing - BEST MOMENTS | CSGO,https://www.youtube.com/watch?v=qx7zgXPPcHw,2143,41,90793,"Nov 7, 2019"
S1MPLE GETS CHINA CSGO EXPERIENCE! HOW DID THAT HIT? CS:GO Twitch Clips,https://www.youtube.com/watch?v=C0CJuuM7vXA,1521,77,84220,"Jul 12, 2019"
*NEW* 50x SHATTERED WEB CSGO CASE OPENING!,https://www.youtube.com/watch?v=d4bymVlpvqA,4357,168,70010,"Nov 18, 2019"
CSGO 10X OPERATION SHATTERED WEB CASE OPENING! NEW AK UNBOXED!,https://www.youtube.com/watch?v=bZ3clOUdMPk,207,14,6904,"Nov 18, 2019"
CS:GO Asia Championship LIVE - FULL DAY 21.11.2019,https://www.youtube.com/watch?v=zowckvD0njo,59,2,10633,"Streamed live on Nov 20, 2019"
TWISTZZ'S GIRLFRIEND IS A CS GOD!? CS:GO THE MOVIE!? HOLY F*CK S0M PLAY! - CS:GO TWITCH CLIPS #739,https://www.youtube.com/watch?v=RhyTSUWNw7s,1042,36,44078,"Nov 16, 2019"
KENNYS IS BACK!! - G2 vs Tyloo - Starladder Berlin MAJOR - BEST MOMENTS | CSGO,https://www.youtube.com/watch?v=aDFPkmcklmI,1121,55,62486,"Aug 23, 2019"
S1MPLE USES HIS PINPOINT AIM! G2 FORGOT DEFUSE? CS:GO Twitch Clips,https://www.youtube.com/watch?v=ek1WFAlQ1Kc,1713,68,74410,"Aug 29, 2019"
When PROS BHOP in CS:GO 4,https://www.youtube.com/watch?v=_7SXXbXUYzs,30556,558,382761,"Jul 26, 2019"
NIKO HITS STUNNING DEAG SHOT! KIO'S GENIUS SPOT! CS:GO Twitch Clips,https://www.youtube.com/watch?v=c_ouVwimxs0,2169,64,113391,"Aug 21, 2019"
SEMI FINAL! - Liquid vs Astralis - ESL One New York - BEST MOMENTS | CSGO,https://www.youtube.com/watch?v=67WJWY1ychs,1099,38,83158,"Sep 28, 2019"
1000 IQ EPIC SMOKES! - CS:GO BEST ODDSHOTS #401,https://www.youtube.com/watch?v=0srE1nN_byU,5456,124,225894,"Oct 8, 2019"
S1MPLE NOT FAST ENOUGH FOR KENNYS! INCREDIBLE 1v5! CS:GO Twitch Clips,https://www.youtube.com/watch?v=BTUGtQ2zpWE,2028,62,95181,"Aug 28, 2019"
THE COMEBACK I DIDNT BELIEVE IN - CSGO FACEIT,https://www.youtube.com/watch?v=QMSfLoLPsXk,5833,120,159015,"Jun 29, 2019"
Fnatic vs Vitality - ESL Pro League S10 - CS:GO,https://www.youtube.com/watch?v=Vy9thNhlah4,284,11,33662,"Nov 17, 2019"
How Did He Hit That Shot!? CSGO OVERWATCH,https://www.youtube.com/watch?v=hqYcPgBoBH8,482,13,14134,"Nov 21, 2019"
2000 IQ PEEK! - CS:GO BEST ODDSHOTS #393,https://www.youtube.com/watch?v=vRPVcvIYBWg,6126,139,230067,"Sep 1, 2019"
EPIC FINAL! - Furia vs Fnatic - StarSeries Belek - BEST MOMENTS | CSGO,https://www.youtube.com/watch?v=pYBIRhfOo1w,566,27,28186,"Oct 27, 2019"
Name,Link,Likes,Dislikes,Views,Published
S1MPLE COMPLETELY LOST HIS HEAD! SHROUD FORGOT HOW TO SPRAY! CS:GO Twitch Clips,https://www.youtube.com/watch?v=e06GYvW-Duo,1998,93,120634,"Oct 24, 2019"
The FUNNIEST MOMENTS in CS:GO - August,https://www.youtube.com/watch?v=VHntYa-OPfo,6287,151,305807,"Sep 2, 2019"
Cs GO' ya Royal PASS geldi! - Yeni Operasyon Ve Daha Fazlası!,https://www.youtube.com/watch?v=69FLEZyjG7A,1537,59,30640,"Nov 18, 2019"
S1MPLE HAS HAD ENOUGH OF MAJOR! PERFECT NADE! CS:GO Twitch Clips,https://www.youtube.com/watch?v=qy73qCMAcJk,1948,75,100582,"Aug 27, 2019"
🔴[EN/LIVE] FURIA VS RENEGADES | StarSeries i-League CS:GO Season 8 LAN Final - Play-off,https://www.youtube.com/watch?v=nMIcUA3Hizs,1212,64,143989,"Streamed live on Oct 25, 2019"
His AIM Is SICK! BEST OF Magisk! (2019 Highlights) - CS:GO,https://www.youtube.com/watch?v=unwBui52JU4,833,18,45744,"Sep 19, 2019"
0 IQ or 400 IQ SNEAKY player? - CS:GO BEST ODDSHOTS #394,https://www.youtube.com/watch?v=OLw89glywHs,3960,64,76315,"Sep 4, 2019"
SHROUD FOUND ULTIMATE NADE! WEIRD WALLBANG! CS:GO Twitch Clips,https://www.youtube.com/watch?v=ncoX53Z4-z8,2816,159,152129,"Aug 17, 2019"
Astralis vs 100 Thieves  - IEM Beijing - BEST MOMENTS | CSGO,https://www.youtube.com/watch?v=ilAAZV7kypQ,831,20,62171,"Nov 7, 2019"
S1MPLE LEAVES FPL TEAM SPEECHLESS! FASTEST ROUND EVER? CS:GO Twitch Clips,https://www.youtube.com/watch?v=peP1OI5HO2U,1680,68,105364,"Jun 10, 2019"
The Top 10 Most Broken Guns in CS:GO History,https://www.youtube.com/watch?v=_4clneE3eKQ,10898,392,414275,"Jul 31, 2019"
S1MPLE GOES INSANE WITH NO SILENCER USP! SURF IN MAJOR? CS:GO Twitch Clips,https://www.youtube.com/watch?v=9g1fn-P2osI,1945,71,98002,"Sep 2, 2019"
1 FPS NO CSGO!,https://www.youtube.com/watch?v=lf0OcQLtFgg,10921,394,91575,"Nov 21, 2019"
5 Pros 5 Resolutions #6 (CS:GO PROS POINT OF VIEW),https://www.youtube.com/watch?v=l4MFTPkIySE,16901,162,190094,"Aug 22, 2019"
CS:GO - Astralis vs. AGO [Overpass] Map 1 - EU Day 13 - ESL Pro League Season 7,https://www.youtube.com/watch?v=UxSmRnAr95M,324,17,57786,"Apr 4, 2018"
CS:GO - FaZe Clan vs. HellRaisers [Dust2] Map 2 - Group B - ESL EU Pro League Season 10,https://www.youtube.com/watch?v=C_lEsGkPqLU,83,5,12955,"Nov 17, 2019"
KENNYS IS BACK!! - G2 vs FaZe - ESL Pro League S9 Finals - CS:GO,https://www.youtube.com/watch?v=rozt2lHXi5s,1468,85,161895,"Jun 21, 2019"
(Mixigaming CSGO) Pha ACE Khẳng định chất lượng hàng Cao Bằng.,https://www.youtube.com/watch?v=POvSF7jTY50,11853,124,419838,"Oct 18, 2019"
BEST OF ESL One New York | CSGO,https://www.youtube.com/watch?v=MZX5eF4K0CU,223,4,21283,"Sep 30, 2019"
INSANE GAME!! - Liquid vs Sharks - ECS - BEST MOMENTS | CSGO,https://www.youtube.com/watch?v=hXPaUFMkvo4,2346,61,144696,"Sep 17, 2019"
EPIC GAME! - Vitality vs Heroic - ESL Pro League - BEST MOMENTS | CSGO,https://www.youtube.com/watch?v=ECx3uVaOlrU,505,19,50542,"Oct 12, 2019"
The iFunniest CSGO Moments,https://www.youtube.com/watch?v=MMuZXkS4_6A,137434,2946,4507590,"Jan 9, 2019"
High Stakes in CSGO Overwatch,https://www.youtube.com/watch?v=UAaJQ5xoiGY,12677,227,350913,"Aug 17, 2019"
EPIC GAME!! - Astralis vs Fnatic - ESL Pro League - BEST MOMENTS | CSGO,https://www.youtube.com/watch?v=3ohlemhtAIk,820,37,78253,"Oct 16, 2019"
WHEN CS:GO PROS SOUND FAKE..,https://www.youtube.com/watch?v=ige6OX0leYI,25055,579,518954,"Sep 1, 2019"
S1MPLE WTF?! - NaVi vs Liquid - ESL One Cologne 2019 - CS:GO,https://www.youtube.com/watch?v=Kc9V0umWKb0,1393,87,159737,"Jul 2, 2019"
POKIMANE WANTS TO PLAY CSGO WITH US!,https://www.youtube.com/watch?v=tOGw6FEpeY8,3609,268,120852,"Oct 8, 2019"
HOW GIRLS WARM UP IN CSGO! BRAX MAKES IT LOOK EASY! S1MPLE DONE WITH FPL!? - CS:GO TWITCH CLIPS #582,https://www.youtube.com/watch?v=pNRWfQLSTS8,1619,142,76399,"Jun 12, 2019"
SKINY DO POSTACI W CS:GO! NOWA OPERACJA!!!,https://www.youtube.com/watch?v=53McmekMCdw,65262,355,373411,"Nov 18, 2019"
CLOUD9 TENZ ILLEGAL BOOST!? S1MPLE ON MINECRAFT! STEW QUITS CSGO FOR NBA!? - CS:GO TWITCH CLIPS #630,https://www.youtube.com/watch?v=548r4AUwOhU,1996,74,97793,"Jul 30, 2019"
This MM is Better Than FPL! - s1mple Plays GLOBAL ELITE MATCHMAKING!! | CSGO,https://www.youtube.com/watch?v=ZKxGTSUAZ-U,1520,51,83519,"Aug 1, 2019"
NEW BOOST IS INCREDIBLE! S1MPLE STOPS AWPING? CS:GO Twitch Clips,https://www.youtube.com/watch?v=8mmqg1_hd20,2290,77,120379,"Sep 23, 2019"
SEMI-FINAL!! - Liquid vs Vitality - IEM Chicago - BEST MOMENTS | CSGO,https://www.youtube.com/watch?v=jnfdFtr7Lr8,3571,122,266170,"Jul 20, 2019"
GRAND FINAL! - G2 vs Liquid - ESL Pro League FINALS!! - BEST MOMENTS | CSGO,https://www.youtube.com/watch?v=RXjohptldDw,749,35,81739,"Jun 23, 2019"
Best of IEM Beijing 2019 (Best Plays and Funny Moments) - CS:GO,https://www.youtube.com/watch?v=Wy8k4xVKNBs,363,18,44962,"Nov 10, 2019"
New G2 vs New Fnatic - DreamHack Masters Malmö - BEST MOMENTS CSGO,https://www.youtube.com/watch?v=ssLTyaLjEk4,338,9,26175,"Oct 2, 2019"
CS:GO ANIMATION. ALL EPISODES (COUNTER-STRIKE PARODY),https://www.youtube.com/watch?v=akpJH4Na0Sc,142108,3550,6595750,"Jun 15, 2018"
STEWIE2K SICK NASTY AWP FLICKS! INVISIBLE GLITCH? CS:GO Twitch Clips,https://www.youtube.com/watch?v=0KC5U7eHAs0,1494,79,90481,"Sep 12, 2019"
SCREAM WILL NEVER MISS A 1 TAP! NEW CACHE HAS NICE SPOT! CS:GO Twitch Clips,https://www.youtube.com/watch?v=LnKV7M8sFAU,2250,85,137563,"Oct 10, 2019"
STEWIE SHOWS FAVOURITE OP SPOT! UNBELIEVABLE FLICKS! CS:GO Twitch Clips,https://www.youtube.com/watch?v=oEXDcg8Q_qY,1255,41,59533,"Sep 24, 2019"
10 THINGS YOU ARE DOING WRONG IN CS:GO #2,https://www.youtube.com/watch?v=RcXmmpGrVDA,16899,255,403309,"Jun 30, 2019"
STEW CAN'T BELIEVE THIS! COLDZERA GETS EXPOSED! CS:GO Twitch Clips,https://www.youtube.com/watch?v=AxAco2Q2wfQ,2551,138,141568,"Aug 14, 2019"
CS:GO's 2019 Early November Update,https://www.youtube.com/watch?v=ApO-q7z-ncA,10329,94,236345,"Nov 5, 2019"
"CS:GO'YU ""PAY TO WIN"" YAPAN GÜNCELLEME...",https://www.youtube.com/watch?v=KW94lU_10gA,6413,127,50549,"Nov 22, 2019"
CS:GO - BEST PLAYS OF ESL PRO LEAGUE SEASON 10 EUROPE!,https://www.youtube.com/watch?v=nuSqjh96bYE,851,20,52491,"Nov 19, 2019"
kennyS - The AWP Criminal 2 (CS:GO),https://www.youtube.com/watch?v=O9rMCaH_mNk,91123,1356,1501517,"Jul 26, 2019"
HARDCORE CSGO,https://www.youtube.com/watch?v=eEZDOixE9Dw,2995,33,49871,"Aug 26, 2019"
SICK COMEBACK - We thought we lost this - CSGO Faceit,https://www.youtube.com/watch?v=n3JzbQunlJE,2888,47,74392,"Oct 14, 2019"
i opened 600 new csgo CS20 cases and this was the outcome.,https://www.youtube.com/watch?v=PeJNwdhg1fQ,10111,211,155007,"Oct 30, 2019"
IS THIS THE FEMALE SHROUD!? WORST GLITCH IN CSGO HISTORY!? STEW IS SAVAGE! - CS:GO TWITCH CLIPS #648,https://www.youtube.com/watch?v=ubmZ88-faqw,1749,147,85634,"Aug 17, 2019"
Joguei o CSGO nos MELHORES gráficos possíveis! (MÁXIMO),https://www.youtube.com/watch?v=GUK841ntqjw,8870,295,127789,"Nov 3, 2019"
Counter-Strike: Global Offensive Trailer,https://www.youtube.com/watch?v=edYCtaNueQY,248281,5328,15010326,"Aug 17, 2012"
NaVi vs Windigo - ESL Pro League - BEST MOMENTS | CSGO,https://www.youtube.com/watch?v=PLfLRDB9470,425,11,40413,"Oct 18, 2019"
STEWIE SHOWS INCREDIBLE MOVEMENT! S1MPLE AWP MASTER! CS:GO Twitch Clips,https://www.youtube.com/watch?v=dvGyLh5RUwg,2093,77,115084,"Jul 28, 2019"
200 IQ 200 ADR - CSGO Overwatch,https://www.youtube.com/watch?v=FaKiScoqoHA,10392,231,357451,"Jun 24, 2019"
0.0001s INHUMAN DEAGLE! FAZE SHOULD PICK HIM UP! CS:GO Twitch Clips,https://www.youtube.com/watch?v=nNij8PDbWaM,1878,116,93543,"Oct 7, 2019"
WHEN NOVAS PLAY WITH PROS (CSGO),https://www.youtube.com/watch?v=hyArlKfGBmU,9022,295,144532,"Aug 23, 2019"
STEWIE SOLO DESTROYS EU FPL! MAJOR IS A DISASTER? CS:GO Twitch Clips,https://www.youtube.com/watch?v=h2jfipL95KU,1967,52,99775,"Aug 23, 2019"
DÉCOUVERTE CS:GO OPÉRATION SHATTERED WEB ! *ÉNORME MISE À JOUR*,https://www.youtube.com/watch?v=9QMtMd2Cnfg,746,22,11959,"Nov 18, 2019"
[CS:GO event] DH Masters Malmö 2019 | Team Vitality vs Fnatic - Grand Finals,https://www.youtube.com/watch?v=JL1gan8apuE,137,5,14513,"Streamed live on Oct 6, 2019"
WHEN NOVAS PLAY WITH PROS (CSGO),https://www.youtube.com/watch?v=hyArlKfGBmU,9022,295,144532,"Aug 23, 2019"
STEWIE SHOWS INCREDIBLE MOVEMENT! S1MPLE AWP MASTER! CS:GO Twitch Clips,https://www.youtube.com/watch?v=dvGyLh5RUwg,2093,77,115084,"Jul 28, 2019"
EPIC DECIDER MATCH!! - Liquid vs Mousesports - Starladder Berlin Major - BEST MOMENTS | CSGO,https://www.youtube.com/watch?v=WdfLbwFldFI,912,32,78293,"Sep 1, 2019"
Magisk Plays MM with Toxic Russian... and Ranks UP! | CSGO,https://www.youtube.com/watch?v=gsW9P5B2XV4,2578,86,125964,"Sep 12, 2019"
SHROUD GETS A SHOUT-OUT AT CS:GO EVENT! S1MPLE PERFECT SCOUT! CS:GO Twitch Clips,https://www.youtube.com/watch?v=4LeIQVyAv_0,1511,68,79129,"Jun 19, 2019"
STEWIE RIDICULOUS FLANK! SHROUD PULLS OFF A KQLY! CS:GO Twitch Clips,https://www.youtube.com/watch?v=WWUkYD1hJwA,2004,60,123643,"Aug 10, 2019"
Astralis vs Evil Geniuses - ESL One New York - BEST MOMENTS | CSGO,https://www.youtube.com/watch?v=ZSToTBs0Pes,819,26,64184,"Sep 27, 2019"
300 IQ SNEAKY BOOST SPOT! - CS:GO BEST ODDSHOTS #390,https://www.youtube.com/watch?v=tGPY6cBz3k4,6458,177,245773,"Aug 21, 2019"
Counter-Strike: Global Offensive Trailer,https://www.youtube.com/watch?v=edYCtaNueQY,248281,5328,15010326,"Aug 17, 2012"
CS:GO - BEST PLAYS OF ESL PRO LEAGUE SEASON 10 EUROPE!,https://www.youtube.com/watch?v=nuSqjh96bYE,851,20,52491,"Nov 19, 2019"
Best of IEM Beijing 2019 (Best Plays and Funny Moments) - CS:GO,https://www.youtube.com/watch?v=Wy8k4xVKNBs,363,18,44962,"Nov 10, 2019"
SCREAM'S BROTHER GENIUS DEFUSE! S1MPLE CARRIES NA'VI AGAIN! CS:GO Twitch Clips,https://www.youtube.com/watch?v=is1e0mVo56M,1685,54,98120,"Sep 13, 2019"
SWAG SHOWS WHY XM1014 IS OP! RIDICULOUS DEAGLE ACE! CS:GO Twitch Clips,https://www.youtube.com/watch?v=snb5Bq4-0ac,1896,71,97979,"Aug 15, 2019"
SICK COMEBACK - We thought we lost this - CSGO Faceit,https://www.youtube.com/watch?v=n3JzbQunlJE,2888,47,74392,"Oct 14, 2019"
OLD CLOUD9 CONFIRMED RETURNING! NEW BEST CROSSHAIR IN CSGO! S1MPLE SAVAGE! - CS:GO TWITCH CLIPS #651,https://www.youtube.com/watch?v=-zo-fOgp9gA,1674,104,78002,"Aug 20, 2019"
CSGO Joke Weapon: Cat Gun,https://www.youtube.com/watch?v=RW-z0PG4oD8,18705,365,439250,"Nov 16, 2019"
PROOF CSGO IS BROKEN! WTF IS STEWIE DOING!? WHY CLOUD9 BOUGHT TENZ! - CS:GO TWITCH CLIPS #605,https://www.youtube.com/watch?v=4NC3-c1LVwI,1428,75,90799,"Jul 5, 2019"
S1MPLE IS HILARIOUS ON STREAM! WHAT A FLICK! CS:GO Twitch Clips,https://www.youtube.com/watch?v=2USgSys_QWg,1340,35,59693,"Oct 30, 2019"
"CS:GO - BEST OF shroud! (Crazy Plays, Insane Stream Highlights, Funny Moments & More)",https://www.youtube.com/watch?v=cHMOrESEB_I,17430,417,2136061,"Aug 24, 2016"
WHEN CS:GO PROS REMAIN CALM (Trigger Discipline),https://www.youtube.com/watch?v=vZX8WJJyXvM,33874,475,926699,"Jul 7, 2019"
CS GO : Go next,https://www.youtube.com/watch?v=pLZjd36itZk,59,0,483,"Nov 26, 2019"
CS:GO - BEST PLAYS OF CS:GO ASIA CHAMPIONSHIPS 2019!,https://www.youtube.com/watch?v=qjokMoBXOfQ,937,19,51692,"Nov 24, 2019"
GRAND FINAL! - FaZe vs Liquid - BLAST Pro Series Los Angeles - BEST MOMENTS | CSGO,https://www.youtube.com/watch?v=tcyZHAs3fUo,2664,103,215208,"Jul 15, 2019"
S1MPLE JUST LOVES GUARDIAN!! WTF - NAF IS TOXIC!? - DreamHack Masters | CSGO,https://www.youtube.com/watch?v=2Fp7jGv4ZCI,2180,106,113070,"Oct 1, 2019"
You can't know these CS:GO tricks.. yet..,https://www.youtube.com/watch?v=nJ4aypPpnWI,13672,232,383230,"Jul 24, 2019"
"CSGO - HIGHLIGHTS #2 ft. Swag, Shroud & MORE! (CSGO Skin Giveaway)",https://www.youtube.com/watch?v=32__dj3tHIo,54,4,7855,"Jul 27, 2017"
S1MPLE IS HILARIOUS ON STREAM! WHAT A FLICK! CS:GO Twitch Clips,https://www.youtube.com/watch?v=2USgSys_QWg,1340,35,59693,"Oct 30, 2019"
S1MPLE BAMBOOZLES ROPZ IN FPL! STEWIE POPS OFF! WHEN FORTNITE MEETS CSGO! - CS:GO TWITCH CLIPS #586,https://www.youtube.com/watch?v=lx6OSPJ-1y8,1292,55,61631,"Jun 16, 2019"
SHROUD ROLLS BACK THE YEARS! S1MPLE DELETED EVERYONE! CS:GO Twitch Clips,https://www.youtube.com/watch?v=S-djLtGWMy4,1705,72,104206,"Aug 9, 2019"
WHEN CS:GO PROS WALLBANG,https://www.youtube.com/watch?v=_BQqiQEXIyE,13969,188,358427,"Nov 3, 2019"
S1MPLE'S PHENOMENAL ATTEMPT! VALVE FIX THIS! CS:GO Twitch Clips,https://www.youtube.com/watch?v=D0PbqI8USik,1418,63,73868,"Sep 3, 2019"
S1MPLE GOES TOXIC MODE! DEVICE'S GF IS CHEATING? CS:GO Twitch Clips,https://www.youtube.com/watch?v=LKcg8H7v2ss,1766,104,88348,"Aug 22, 2019"
Important Advice to Improving in CS:GO,https://www.youtube.com/watch?v=3qy5LjcVpCs,4517,44,117983,"Aug 11, 2019"
GRAND FINAL! - Cloud9 vs EG - ECS - BEST MOMENTS | CSGO,https://www.youtube.com/watch?v=sIyUF0Sets8,842,31,81329,"Oct 17, 2019"
ALL GOOD CUH! - CSGO Competitive #108,https://www.youtube.com/watch?v=O9e-bh1PI3M,4342,64,134620,"Aug 27, 2019"
CS:GO UPDATE | NOVÁ OPERACE A BATTLEPASS ?!,https://www.youtube.com/watch?v=QwXVktG8wM4,2795,35,37268,"Nov 18, 2019"
"""THIS KID IS AN ACTUAL ROBOT!"" - Cloud9 TenZ - HIGHLIGHTS | CSGO",https://www.youtube.com/watch?v=tFjtvH0xO5I,3854,113,216781,"Oct 11, 2019"
5 Best Plays With Every Single Grenade in CS:GO!,https://www.youtube.com/watch?v=Pc1MsQTbpnc,3980,156,240587,"Oct 15, 2019"
SCREAM DIDN'T MISS A SINGLE HEADSHOT! 1.6 MODE GET_RIGHT! CS:GO Twitch Clips,https://www.youtube.com/watch?v=RQSOOXZ_OVo,3002,73,196821,"Sep 25, 2019"
10 Reasons Why You're Still Not Global Elite In CS:GO,https://www.youtube.com/watch?v=asV5Y6sN2Yg,2826,111,66113,"Jun 12, 2019"
How To Get Better At CSGO - NickBunyun's Warm Up,https://www.youtube.com/watch?v=MAWa9jOwMIs,5555,127,158764,"Mar 1, 2019"
CS:GO - HOW NOT to Suck at Spray Control,https://www.youtube.com/watch?v=wabU0hhTZEM,26299,315,927620,"May 28, 2018"
CS:GO Movement Guide,https://www.youtube.com/watch?v=AGcgQEzCCrI,43238,1083,1647969,"May 12, 2017"
The Best Showmatch Plays in CS:GO History!,https://www.youtube.com/watch?v=EUlXop-eb4M,1620,30,87293,"Nov 15, 2019"
CSGO Joke Weapon: Cat Gun,https://www.youtube.com/watch?v=RW-z0PG4oD8,18706,365,439250,"Nov 16, 2019"
SCREAM DOESN'T MISS A SINGLE HEADSHOT? FUNNY NOOB PLAY! CS:GO Twitch Clips,https://www.youtube.com/watch?v=-TxNYPvY4-M,1792,105,97822,"Jun 25, 2019"
SHROUD GETS A SHOUT-OUT AT CS:GO EVENT! S1MPLE PERFECT SCOUT! CS:GO Twitch Clips,https://www.youtube.com/watch?v=4LeIQVyAv_0,1511,68,79130,"Jun 19, 2019"
NITR0 WTF?! - G2 vs Liquid - ESL One New York 2019 - CS:GO,https://www.youtube.com/watch?v=wcyRG4zFWS8,791,38,95832,"Sep 26, 2019"
CS:GO YENİ HİKAYELİ MODUNU OYNADIM!! (CS:GO Yeni Operasyon),https://www.youtube.com/watch?v=ZJDp-xUc-qQ,4022,74,62801,"Nov 20, 2019"
DO OR DIE!! - NaVi vs MIBR - Starladder Berlin MAJOR - BEST MOMENTS | CSGO,https://www.youtube.com/watch?v=bIA-tYoddo8,561,23,57252,"Aug 31, 2019"
"STEW SHOWS 10,000 HOURS OF MOVEMENT! S1MPLE IS SO PATIENT! CS:GO Twitch Clips",https://www.youtube.com/watch?v=MFy4wt_xynk,2940,105,177045,"Jul 14, 2019"
Tarik - The Content Criminal (CS:GO),https://www.youtube.com/watch?v=FNa7CJAuwl0,52906,587,660225,"Nov 2, 2019"
NaVi vs NIP - DreamHack Masters Malmö - BEST MOMENTS CSGO,https://www.youtube.com/watch?v=T90y_3SLuuc,655,23,63054,"Oct 3, 2019"
Actually Useful CS:GO Nuggets of Knowledge #7,https://www.youtube.com/watch?v=asQ91LOIxdI,3696,48,106085,"Jul 17, 2019"
Cloud9 vs EG - ESL Pro League - BEST MOMENTS | CSGO,https://www.youtube.com/watch?v=NliJPhORNSY,571,18,50140,"Oct 13, 2019"
SNEAKY BEAKY TROLLING! - CS:GO BEST ODDSHOTS #372,https://www.youtube.com/watch?v=2SuCXgkA81c,4050,101,171313,"Jun 10, 2019"
CS:GO - CE DÉTAIL VA CHANGER VOTRE FAÇON DE JOUER (PERSPECTIVE),https://www.youtube.com/watch?v=P1MfojSTZMc,3117,51,60777,"Oct 27, 2019"
DEVICE SMASHES MONITOR! S1MPLE PERFECT 1 TAPS! CS:GO Twitch Clips,https://www.youtube.com/watch?v=3fK0sNq4HqE,1966,65,89246,"Aug 31, 2019"
CS:GO is a BAD GAME,https://www.youtube.com/watch?v=0IlgDSSkl3I,99271,993,1901293,"Sep 12, 2019"
STEWIE SHOWS CLEANEST JUAN DEAGS! INCREDIBLE REACTIONS! CS:GO Twitch Clips,https://www.youtube.com/watch?v=VR3kBB0MBgo,2154,124,111964,"Sep 15, 2019"
S1MPLE SCAMMING LIVE ON STREAM! WHEN CSGO MEETS IRL! ZYWOO DOMINATES FPL! - CS:GO TWITCH CLIPS #639,https://www.youtube.com/watch?v=QZR8suYw4BY,1212,63,52949,"Aug 8, 2019"
STEWIE2K IS BAITING SWAG! FLUSHA CAUGHT USING WORD.EXE? CS:GO Twitch Clips,https://www.youtube.com/watch?v=RzfnNTk6VI4,1582,86,92209,"Oct 15, 2019"
GOOD BYE LEGEND! - Zeus - HIGHLIGHTS & Funny Moments | CSGO,https://www.youtube.com/watch?v=2wMXdm-ccCA,1023,32,54779,"Sep 10, 2019"
CSGO - The Top 10 Best BATTLE-SCARRED SKINS!! (unique finishes) | TDM_Heyzeus,https://www.youtube.com/watch?v=AqsMxWw5QxM,3155,100,88156,"Oct 7, 2019"
YOU LOSE YOU OUT! - NaVi vs Heroic - StarSeries Belek - BEST MOMENTS | CSGO,https://www.youtube.com/watch?v=Q4R2Gy7BkYU,494,18,46012,"Oct 23, 2019"
S1MPLE SACRIFICES HIMSELF WITH GENIUS PLAY! AMAZING TRANSFER AIM! CS:GO Twitch Clips,https://www.youtube.com/watch?v=TIahlyb7iXo,1586,46,78913,"Oct 3, 2019"
S1MPLE WATCHES FLUSHA ACTIVATE HIS CHEATS! CS:GO Twitch Clips,https://www.youtube.com/watch?v=m_1JrNdP2yc,2199,96,124522,"Jul 24, 2019"
STEWIE2K'S GAME SENSE IS LIKE A WALLHACK! JUAN DEAG MADNESS! CS:GO Twitch Clips,https://www.youtube.com/watch?v=-8GADFHuCpE,1889,82,99856,"Jul 19, 2019"
SHROUD'S OLD C9 TEAM ARE BACK! SURF STRATS IN FPL! CS:GO Twitch Clips,https://www.youtube.com/watch?v=85GCMfO73Q4,2499,140,158936,"Sep 9, 2019"
S1MPLE HITS A MONSTER OF A FLICK! HUGE CZ75 SPRAYDOWN! CS:GO Twitch Clips,https://www.youtube.com/watch?v=1d0pwNP15-M,1602,61,72192,"Aug 30, 2019"
STEWIE2K WINS THE FINAL BY HIMSELF! NEW MIRAGE?! CS:GO Twitch Clips,https://www.youtube.com/watch?v=oj8j1Ca1yB0,2239,119,128541,"Jun 23, 2019"
CS:GO - ESL Pro League Season 9 Finals (Fragmovie) BEST PLAYS,https://www.youtube.com/watch?v=8Yb15mqjQRw,8306,76,162881,"Jun 26, 2019"
300 IQ BHOPPER vs REALITY! - CS:GO BEST ODDSHOTS #391,https://www.youtube.com/watch?v=BZVtaLl4ww0,6536,141,244846,"Aug 24, 2019"
CS GO - Basic Beginners Tutorial E01 Tips and Tricks.,https://www.youtube.com/watch?v=JxwNDHTFerk,29946,754,1581323,"Jul 18, 2014"
N0THING WANTS SHROUD AND CLOUD9 BACK! VAC ON LADDERS? CS:GO Twitch Clips,https://www.youtube.com/watch?v=uRxCkjqG7F0,2191,155,120431,"Jun 30, 2019"
Top 10 Tips To Get Perfect Aim In CS:GO,https://www.youtube.com/watch?v=-7lTNsgnjuo,50383,2207,3816085,"Sep 27, 2016"
CS:GO: Rage Hacker Calling Enemy Team to Troll,https://www.youtube.com/watch?v=e8XxpxLrLag,2846,299,67757,"Oct 26, 2019"
REACCIONANDO AL MEJOR JUGADOR DE CS GO,https://www.youtube.com/watch?v=O_cvwJLQ_6c,17614,241,245530,"Sep 28, 2019"
This CSGO Operation Just Changed EVERYTHING,https://www.youtube.com/watch?v=ucFUwbjEK8A,597,27,11413,"Nov 19, 2019"
CLOUD9 TENZ INSANE REACTION TIME! COLDZERA DRAMA CAN'T STOP 1V5! WOW BRAX! - CS:GO TWITCH CLIPS #647,https://www.youtube.com/watch?v=UeBPaQNl54o,2274,62,115877,"Aug 16, 2019"
DESTROYED!! - FaZe vs Vitality - Starladder Berlin MAJOR - BEST MOMENTS | CSGO,https://www.youtube.com/watch?v=EX9msmBm8Qc,886,41,61355,"Aug 29, 2019"
INSANE GAME!! - Astralis vs North - ESL Pro League - BEST MOMENTS | CSGO,https://www.youtube.com/watch?v=Qlcheg95tR8,526,20,46610,"Oct 15, 2019"
EPIC SEMI-FINAL!! - Astralis vs Vitality - ESL One Cologne 2019 - CS:GO,https://www.youtube.com/watch?v=HApXURFUd2A,547,34,50398,"Jul 6, 2019"
I did 50 CS:GO Overwatch Cases for Science!,https://www.youtube.com/watch?v=bm0eSwqBpr4,31452,695,699800,"Jul 10, 2019"
I Had To MUTE Everyone In The Game - CSGO Faceit Inferno,https://www.youtube.com/watch?v=gpZMVq-CPhM,3076,105,81139,"Sep 17, 2019"
NEVER USE STATTRAK SKIN! KENNYS PERFECT AWPING! CS:GO Twitch Clips,https://www.youtube.com/watch?v=rjFYI7fiVTU,1933,226,110794,"Jul 9, 2019"
NiP REZ | How To Improve Your Aim In CSGO,https://www.youtube.com/watch?v=ooAxzbGUCZA,16609,145,556478,"May 3, 2018"
How to get better at CSGO *fast* 10 Tips (2018),https://www.youtube.com/watch?v=cPueOcuqGEo,12713,342,539332,"Apr 25, 2018"
¡NUEVA OPERACION DE CSGO! *LO MEJOR QUE HA SACADO VALVE*,https://www.youtube.com/watch?v=h5ni9n6BFgM,13138,89,110149,"Nov 19, 2019"
COMEBACK!! - New MIBR vs NIP - V4 Future Sports Festival - BEST MOMENTS | CSGO,https://www.youtube.com/watch?v=xD4xDC4TEbY,669,29,51705,"Sep 19, 2019"
STEW AND AUTI REUNITED? S1MPLE ON NEW CACHE! CS:GO Twitch Clips,https://www.youtube.com/watch?v=AF-9aBGAkRM,1827,60,111603,"Oct 4, 2019"
Most Viewed CS:GO Twitch Clips of June 2019,https://www.youtube.com/watch?v=XePzU6dUBYA,863,72,100222,"Jun 30, 2019"
S1MPLE DOES THE IMPOSSIBLE! WHEN RAGE BREAKS CSGO! M0E WTF ARE YOU DOING!? - CS:GO TWITCH CLIPS #624,https://www.youtube.com/watch?v=w9pQXn4-dUI,1359,43,64467,"Jul 24, 2019"
CS:GO - BEST PLAYS OF BLAST PRO SERIES COPENHAGEN 2019!,https://www.youtube.com/watch?v=DnvmOjSWe4I,1654,43,97739,"Nov 3, 2019"
DUMBEST 10 IQ PLAYERS - CS:GO BEST ODDSHOTS #380,https://www.youtube.com/watch?v=wbMBlHjOjz8,4126,101,153360,"Jul 12, 2019"
STEWIE2K IS RUSHING WITH AN AWP? S1MPLE SIXTH SENSE! CS:GO Twitch Clips,https://www.youtube.com/watch?v=iccMoPQDcbs,2046,44,124440,"Sep 1, 2019"
"OHAA ! CS:GO v2 GELDİ - Yeni Kasa Açılımı, Ajan Kostümleri, Bıçaklar, Shattered Web Operasyonu",https://www.youtube.com/watch?v=akoEIQ87lHo,37336,761,474084,"Nov 18, 2019"
S1MPLE HITS A MONSTER OF A FLICK! HUGE CZ75 SPRAYDOWN! CS:GO Twitch Clips,https://www.youtube.com/watch?v=1d0pwNP15-M,1602,61,72192,"Aug 30, 2019"
YOU LOSE YOU OUT! - NaVi vs Heroic - StarSeries Belek - BEST MOMENTS | CSGO,https://www.youtube.com/watch?v=Q4R2Gy7BkYU,494,18,46012,"Oct 23, 2019"
"OHAA ! CS:GO v2 GELDİ - Yeni Kasa Açılımı, Ajan Kostümleri, Bıçaklar, Shattered Web Operasyonu",https://www.youtube.com/watch?v=akoEIQ87lHo,37336,761,474084,"Nov 18, 2019"
SHROUD'S OLD C9 TEAM ARE BACK! SURF STRATS IN FPL! CS:GO Twitch Clips,https://www.youtube.com/watch?v=85GCMfO73Q4,2499,140,158936,"Sep 9, 2019"
NOWA OPERACJA SHATTERED WEB W CS:GO!! | Mervo,https://www.youtube.com/watch?v=Sri8vzdUGPk,3198,34,37579,"Nov 18, 2019"
This CSGO Operation Just Changed EVERYTHING,https://www.youtube.com/watch?v=ucFUwbjEK8A,597,27,11413,"Nov 19, 2019"
IMPROVE YOUR AIM IN CSGO (Counter Strafing Tips & Tricks),https://www.youtube.com/watch?v=Sh_t0at5-iw,5177,66,122951,"Mar 11, 2019"
S1MPLE BANNED = TRASH TALKED!? STEWIE GETS BAITED! NIP DRAMA CONTINUES! - CS:GO TWITCH CLIPS #649,https://www.youtube.com/watch?v=_tT7-dUPJNM,1488,73,59268,"Aug 18, 2019"
Stewie2k DESTROYS Faceit | CSGO,https://www.youtube.com/watch?v=OpfDbWEuFKw,1602,57,95476,"Aug 7, 2019"
How to Get Better at CSGO in 6 Simple Tips,https://www.youtube.com/watch?v=U3zUW2qW61w,62518,1549,3771661,"Feb 16, 2015"
CS:GO Newbie Guide To Competitive Play,https://www.youtube.com/watch?v=xZlBJDP2owM,8674,834,453093,"Aug 2, 2015"
DESTROYED!! - FaZe vs Vitality - Starladder Berlin MAJOR - BEST MOMENTS | CSGO,https://www.youtube.com/watch?v=EX9msmBm8Qc,886,41,61355,"Aug 29, 2019"
THINGS THEY DON'T TEACH YOU IN CS:GO SCHOOLS..,https://www.youtube.com/watch?v=vDSeMFQHg_M,12656,258,291826,"Sep 4, 2019"
FLUSHA VAC?! - Fnatic vs FaZe - ESL Pro League S10 - CS:GO,https://www.youtube.com/watch?v=qhI3bJOALTg,348,25,42620,"Nov 18, 2019"
INSANE GAME!! - Astralis vs North - ESL Pro League - BEST MOMENTS | CSGO,https://www.youtube.com/watch?v=Qlcheg95tR8,526,20,46610,"Oct 15, 2019"
NEVER USE STATTRAK SKIN! KENNYS PERFECT AWPING! CS:GO Twitch Clips,https://www.youtube.com/watch?v=rjFYI7fiVTU,1933,226,110794,"Jul 9, 2019"
MIBR vs North - StarSeries Belek - BEST MOMENTS | CSGO,https://www.youtube.com/watch?v=eHh4WRKbpVo,593,14,30839,"Oct 23, 2019"
300 IQ BHOPPER vs REALITY! - CS:GO BEST ODDSHOTS #391,https://www.youtube.com/watch?v=BZVtaLl4ww0,6536,141,244846,"Aug 24, 2019"
NO ONE KNOWS! Clutches and Funny Moments #252 CAFM CSGO,https://www.youtube.com/watch?v=q7BJPSzC8iQ,3636,51,87678,"Premiered Oct 1, 2019"
S1MPLE CAN'T BELIEVE FPL BOTS! DEVICE'S GF CSGO SMOKE LESSON! CS:GO Twitch Clips,https://www.youtube.com/watch?v=ty3HpCSXk3c,1693,93,95366,"Jun 12, 2019"
S1MPLE'S FLICKS ARE ON ANOTHER LEVEL! BOT TO PRO AIM! CS:GO Twitch Clips,https://www.youtube.com/watch?v=-MZ71rRmgpA,1905,55,103133,"Oct 8, 2019"
How to Surf in CS:GO for Beginners - The Basics,https://www.youtube.com/watch?v=JAYmPea8Iso,9107,406,706080,"Apr 17, 2016"
GRAND FINAL! - Fnatic vs EG - StarSeries Belek - BEST MOMENTS | CSGO,https://www.youtube.com/watch?v=qklNJYpSFxM,898,37,76504,"Oct 27, 2019"
GOODBYE GET_RIGHT 😢 *EMOTIONAL* STEWIE2K PLEASE EXPLAIN? CS:GO Twitch Clips,https://www.youtube.com/watch?v=C1MZXsW2f3A,2045,86,93455,"Jun 20, 2019"
FLUSHA VAC?! - Fnatic vs FaZe - ESL Pro League S10 - CS:GO,https://www.youtube.com/watch?v=qhI3bJOALTg,348,25,42620,"Nov 18, 2019"
WHEN CS:GO PROS BEAT THEIR OLD TEAMS,https://www.youtube.com/watch?v=vJbPXcCCUTQ,13494,177,231896,"Jul 28, 2019"
S1MPLE DOESN'T NEED AWP SCOPE? BOOMBL4 EATS PRO PLAYER! CS:GO Twitch Clips,https://www.youtube.com/watch?v=irHCO7w5FtE,2054,100,122044,"Jun 11, 2019"
NOWA OPERACJA SHATTERED WEB W CS:GO!! | Mervo,https://www.youtube.com/watch?v=Sri8vzdUGPk,3198,34,37579,"Nov 18, 2019"
Consejos para jugadores PRINCIPIANTES (SUPER IMPORTANTE) | CS:GO,https://www.youtube.com/watch?v=fmt7DBWFZ0U,12829,222,279714,"Apr 24, 2018"
SHROUD DEFINITELY HASN'T LOST HIS AIM! P90 RUSH IN PRO MATCH! CS:GO Twitch Clips,https://www.youtube.com/watch?v=uvamQABzFHg,1993,75,105488,"Jul 20, 2019"
#33 CS: GO - Манящая спина,https://www.youtube.com/watch?v=Yo42chw0Dk8,377031,4794,4038558,"Nov 22, 2019"
S1MPLE SHOWS HIS SECRET HIDING SPOT! SAWED-OFF OP? CS:GO Twitch Clips,https://www.youtube.com/watch?v=0pLydD_t_Fc,1826,63,97691,"Jul 13, 2019"
S1MPLE ROASTED KIO'S GF! NEW WORLD RECORD AIM! CS:GO Twitch Clips,https://www.youtube.com/watch?v=IaWdli66SHA,3612,223,206310,"Aug 12, 2019"
NIP vs Vitality - ESL Pro League - BEST MOMENTS | CSGO,https://www.youtube.com/watch?v=KAT6yAlgTWk,463,15,36067,"Oct 13, 2019"
SO EASY!! - KennyS DESTROYS FACEIT!! | CSGO,https://www.youtube.com/watch?v=q2PxL0s-qQs,3065,63,133784,"Sep 23, 2019"
THINGS THEY DON'T TEACH YOU IN CS:GO SCHOOLS..,https://www.youtube.com/watch?v=vDSeMFQHg_M,12656,258,291826,"Sep 4, 2019"
STEWIE2K INSANE PINPOINT PRECISION! KENNYS 100% BACK! CS:GO Twitch Clips,https://www.youtube.com/watch?v=Byu4gRm99IQ,2089,82,120271,"Jun 22, 2019"
First Time CS:GO Player - Part 1,https://www.youtube.com/watch?v=MeHr8TDTf_Q,31754,5386,2187871,"Oct 5, 2016"
NIKO ONLY NEEDS A USP! S1MPLE LOST AWP SKILL? CS:GO Twitch Clips,https://www.youtube.com/watch?v=VTXDHdCiJ8Q,1781,68,93338,"Oct 9, 2019"
Name,Link,Likes,Dislikes,Views,Published
#33 CS: GO - Манящая спина,https://www.youtube.com/watch?v=Yo42chw0Dk8,377032,4794,4038558,"Nov 22, 2019"
S1MPLE ROASTED KIO'S GF! NEW WORLD RECORD AIM! CS:GO Twitch Clips,https://www.youtube.com/watch?v=IaWdli66SHA,3612,223,206310,"Aug 12, 2019"
STEWIE2K INSANE PINPOINT PRECISION! KENNYS 100% BACK! CS:GO Twitch Clips,https://www.youtube.com/watch?v=Byu4gRm99IQ,2089,82,120271,"Jun 22, 2019"
S1MPLE TRIES 0% RESPECT FLYING KNIFE ATTEMPT! STEWIE2K ON FIRE! CS:GO Twitch Clips,https://www.youtube.com/watch?v=aE6UcX11W4k,1813,35,96833,"Aug 1, 2019"
IMPROVE YOUR AIM IN CSGO (Counter Strafing Tips & Tricks),https://www.youtube.com/watch?v=Sh_t0at5-iw,5177,66,122953,"Mar 11, 2019"
NIKO ONLY NEEDS A USP! S1MPLE LOST AWP SKILL? CS:GO Twitch Clips,https://www.youtube.com/watch?v=VTXDHdCiJ8Q,1781,68,93338,"Oct 9, 2019"
THINGS THEY DON'T TEACH YOU IN CS:GO SCHOOLS..,https://www.youtube.com/watch?v=vDSeMFQHg_M,12656,258,291826,"Sep 4, 2019"
How to Get Better at CSGO in 6 Simple Tips,https://www.youtube.com/watch?v=U3zUW2qW61w,62518,1549,3771661,"Feb 16, 2015"
(Mixigaming CSGO) Đường lên AK lúa.,https://www.youtube.com/watch?v=xLKAXqe0RHU,8375,116,398907,"Jun 6, 2019"
ONCE IN A LIFETIME SHOT! SWAG IS 100% BACK! CS:GO Twitch Clips,https://www.youtube.com/watch?v=fiLkfpde20Q,2200,91,128603,"Jul 1, 2019"
TROLLING a CS:GO Coach,https://www.youtube.com/watch?v=EmJigqRSuE4,8223,78,101495,"Oct 16, 2019"
CS:GO Newbie Guide To Competitive Play,https://www.youtube.com/watch?v=xZlBJDP2owM,8674,834,453093,"Aug 2, 2015"
I USED a 4 YEAR OLD CSGO Guide...,https://www.youtube.com/watch?v=z5dS-am05kg,12359,199,206191,"Aug 15, 2019"
"I said ""hi"" in 1000 CS:GO servers..",https://www.youtube.com/watch?v=clyKqordJ18,16182,271,277360,"Nov 14, 2019"
A whole week of CS:GO and here's the result..,https://www.youtube.com/watch?v=Q2h0I9cM7oo,13022,162,309820,"Jul 10, 2019"
SCREAM'S SENSATIONAL AIM IS BACK! DEVICE BREAKS MAJOR TROPHY! CS:GO Twitch Clips,https://www.youtube.com/watch?v=W3lQwENc1Js,2642,62,139628,"Sep 8, 2019"
CS:GO NOOB TO PRO #1 - Setting up the Game,https://www.youtube.com/watch?v=wKNw7sLPNWQ,8321,149,437675,"Oct 31, 2016"
LES JOUEURS CSGO SONT DES ANIMAUX !,https://www.youtube.com/watch?v=bBfUjgvQq_4,1115,18,11751,"Nov 1, 2019"
"НОВАЯ ОПЕРАЦИЯ ""РАСКОЛОТАЯ СЕТЬ"" (CS:GO)",https://www.youtube.com/watch?v=ATNx9Qav5-k,11662,274,166551,"Nov 18, 2019"
SHROUD FRAGGING LIKE HE NEVER LEFT! NEW CACHE 2.0 BAIT! CS:GO Twitch Clips,https://www.youtube.com/watch?v=TAXTaEzMTdE,3288,242,188196,"Aug 8, 2019"
MINHA EVOLUÇÃO NO CSGO! (2 anos em 1 vídeo),https://www.youtube.com/watch?v=Y8coQ9E_OiY,114832,3887,2904117,"Mar 27, 2018"
STEWIE ACTUALLY PULLED THIS OFF? KENNYS AIM ON POINT! CS:GO Twitch Clips,https://www.youtube.com/watch?v=z3aMdvR0egE,2142,62,123064,"Aug 25, 2019"
MIBR vs Fnatic - StarSeries Belek - BEST MOMENTS | CSGO,https://www.youtube.com/watch?v=rRGdtUXQ58U,294,10,21783,"Oct 24, 2019"
NO WAY SCREAM HIT THIS? S1MPLE IS UNSTOPPABLE! CS:GO Twitch Clips,https://www.youtube.com/watch?v=UJSxGOMX4EU,2483,59,145626,"Aug 18, 2019"
S1MPLE LIGHT-SPEED DEAG! OP SPOT ON NEW CACHE! CS:GO Twitch Clips,https://www.youtube.com/watch?v=p0ohWijHAd8,2945,109,172655,"Oct 18, 2019"
S1MPLE JOINS SEMI-PRO TEAM AND SMURFS! STEW PERFECT CLUTCH! CS:GO Twitch Clips,https://www.youtube.com/watch?v=tVaoriACzKU,1772,69,100250,"Jun 18, 2019"
Fnatic vs Mousesports - StarSeries Belek - BEST MOMENTS | CSGO,https://www.youtube.com/watch?v=dsk4HFkj38k,463,19,40940,"Oct 23, 2019"
DEVICE TEACHES GF ON STREAM! SHROUD LOVES THIS STRAT! BOOMBL4 FPL BANTER! - CS:GO TWITCH CLIPS #581,https://www.youtube.com/watch?v=aaGIQ89KzuU,2019,96,124085,"Jun 11, 2019"
LOW TIER CS:GO PRO TRICKS,https://www.youtube.com/watch?v=dNnOHBy7H1k,10629,115,306324,"Sep 23, 2019"
HAN ROTO CS:GO CON LOS NUEVOS PERSONAJES,https://www.youtube.com/watch?v=WeJEqgq1LkU,6680,183,90631,"Nov 21, 2019"
CS:GO - How to Be a Smarter Player,https://www.youtube.com/watch?v=oMB-B9mV4iY,21768,305,993676,"Apr 19, 2016"
1 YIL SONRA CSGO REKABETÇİ OYNADIM,https://www.youtube.com/watch?v=N9CllGeQ6pc,10092,216,148599,"Oct 12, 2019"
UN COMPETITIVO MUY VARIADO | ENSALADA DE RISAS CS:GO,https://www.youtube.com/watch?v=_QoZ_kpiuC8,45683,1338,1441731,"Nov 22, 2017"
S1MPLE GETS TWITCH BAN! STEWIE2K CLASSIC SMOKE PLAY! CS:GO Twitch Clips,https://www.youtube.com/watch?v=9qEQ2kCdBGE,2112,106,104616,"Aug 13, 2019"
(CS:GO) Quarterfinal Asia Championships 2019 - MiBR vs AVG,https://www.youtube.com/watch?v=N6QOXryCT_c,55,5,4560,"Streamed live on Nov 22, 2019"
The Best Play From Every Veteran in CS:GO! (30 Years Old & Older),https://www.youtube.com/watch?v=NKV3UtSn9ps,972,26,34787,"Nov 2, 2019"
CS:GO - Exploring Beyond the Boundaries,https://www.youtube.com/watch?v=33Pj3xkk7kE,17944,204,334759,"Oct 12, 2019"
YENİ BATTLE PASS GELDİ ! CS:GO YENİ GÜNCELLEME VE GÖREV SİSTEMİ,https://www.youtube.com/watch?v=4koRMmCnzKY,3041,84,42786,"Nov 19, 2019"
DON'T CELEBRATE TOO EARLY in CS:GO,https://www.youtube.com/watch?v=wcjviOIXpD4,13017,371,343759,"Jul 31, 2019"
STEW RIDICULOUS 1 TAPS! COLDZERA CRAZY QUE OTA! CS:GO Twitch Clips,https://www.youtube.com/watch?v=OxciGH-u_Ng,1752,64,92756,"Aug 16, 2019"
It's not an easy pro CS:GO video to watch..,https://www.youtube.com/watch?v=vj7xc_RP5Js,12263,172,385813,"Sep 8, 2019"
YENİ BATTLE PASS GELDİ ! CS:GO YENİ GÜNCELLEME VE GÖREV SİSTEMİ,https://www.youtube.com/watch?v=4koRMmCnzKY,3041,84,42786,"Nov 19, 2019"
SCREAM'S AIM IS SO CLEAN! HOW DID THAT HIT? CS:GO Twitch Clips,https://www.youtube.com/watch?v=UndcRHqqhCw,3075,129,210819,"Jun 9, 2019"
"Лайфхак для прохождения новой операции ""Расколотая Сеть"" в CS:GO",https://www.youtube.com/watch?v=HE2VvidEWEs,23700,571,252132,"Nov 23, 2019"
CS:GO - Lâu lắm quay lại bị kêu hack wall !,https://www.youtube.com/watch?v=W3iMFe-WfqY,11590,702,1374763,"Feb 11, 2018"
CS:GO StarSeries Turkey Finals 2019 - FUNNY MOMENTS COMPILATION,https://www.youtube.com/watch?v=hKxvlUXHgpA,3952,76,156302,"Oct 28, 2019"
S1MPLE LANDS STUNNING FLICKS! IT'S NOT ENOUGH! CS:GO Twitch Clips,https://www.youtube.com/watch?v=t20qG_SWj5k,2278,56,126457,"Sep 6, 2019"
900 IQ PIXEL BOOST! - CS:GO BEST ODDSHOTS #398,https://www.youtube.com/watch?v=L7kNBcJgFaU,6047,136,244255,"Sep 24, 2019"
OHAA 😱 BERK RIP TEPE 51 VURUYOR! CSGO REKABETÇİ,https://www.youtube.com/watch?v=ywAt1gttVeU,1288,42,64115,"Nov 15, 2019"
SHIFT & CROUCH - CS:GO Noob to Pro Tips,https://www.youtube.com/watch?v=TkcPvIja9aE,3783,186,207873,"Jun 6, 2017"
RAIN HITS STUNNING 1 TAP! OLD TOXIC S1MPLE BACK? CS:GO Twitch Clips,https://www.youtube.com/watch?v=oBKaZvGbKug,1587,41,83707,"Oct 14, 2019"
"NUEVA OPERACIÓN SHATTERED WEB + CAMBIOS A LA SG, FAMAS Y GALIL! (Act 19/11/19) | CS:GO | Muit0",https://www.youtube.com/watch?v=_4_2eiPdgXY,1696,20,18695,"Nov 19, 2019"
YENİ CS:GO DEV GÜNCELLEME (CS GO Shattered Web Operasyonu),https://www.youtube.com/watch?v=Zsln14HTXCw,3893,87,62359,"Nov 19, 2019"
CS:GO EXPLAINED! - Game Modes in Counter Strike: Global Offensive [Tutorial],https://www.youtube.com/watch?v=F1AvXbQ8l6U,1347,43,65405,"Sep 11, 2014"
[Showmatch CSGO: ONLAN] Divine Esports vs Refund Gaming [Divine Studio],https://www.youtube.com/watch?v=vxgFHTBmo4w,9428,205,572984,"Streamed live on Sep 22, 2019"
GET_RIGHT RETIRES!? CLOUD9 FREAKAZOID BACK!? S1MPLE LEARNS TELEPORTATION! - CS:GO TWITCH CLIPS #590,https://www.youtube.com/watch?v=t3N1dnDr-ug,1365,64,58744,"Jun 20, 2019"
STEWIE2K SHOWS CLOUD9 ARE TRASH! SUPER FAST FLICKS! CS:GO Twitch Clips,https://www.youtube.com/watch?v=o9TTR7fF4l0,2102,101,115016,"Aug 26, 2019"
EPIC GAME! s1mple Drops 49 KILLS | CSGO FPL,https://www.youtube.com/watch?v=yOTtacbQL0w,1407,42,93374,"Jul 25, 2019"
CS:GO's UNLIMITED INVENTORY UPDATE | TDM_Heyzeus,https://www.youtube.com/watch?v=_Ek3V1V8hNQ,2899,34,56260,"Nov 23, 2019"
NO SABIA QUE NEYMAR JUGARA TAN BIEN CS:GO | SHOWMATCH,https://www.youtube.com/watch?v=us9rqr-NT9o,9205,213,183969,"Nov 7, 2019"
HOW TO SHOOT IN CS:GO? (After the update),https://www.youtube.com/watch?v=7eKj1CM_kwY,9623,264,414423,"Aug 14, 2016"
STEWIE DOESN'T NEED AWP SCOPE? RIDICULOUS 180° FLICK! CS:GO Twitch Clips,https://www.youtube.com/watch?v=ALwFetNKkug,1522,53,81174,"Aug 6, 2019"
EPIC COMEBACK!! - Liquid vs North - DreamHack Masters Malmö - BEST MOMENTS | CSGO,https://www.youtube.com/watch?v=hCpiMXzjGCg,312,31,21481,"Oct 2, 2019"
CSGO: How To Become An Overall Better Player!,https://www.youtube.com/watch?v=BP71ArMbVuE,2620,149,184930,"May 4, 2017"
HOW TO IMPROVE YOUR AIM/SPRAY IN CSGO (2019),https://www.youtube.com/watch?v=Hj_jqHsNoXA,312,21,18662,"Dec 31, 2018"
¡¡NUEVA OPERACION CS:GO!! SHATTERED WEB,https://www.youtube.com/watch?v=J0aXKs07vwk,2045,43,27679,"Nov 18, 2019"
WHEN S1MPLE IS ON THE OTHER TEAM! NOSCOPE is OP! CS:GO Twitch Clips,https://www.youtube.com/watch?v=M3kHqDxRDjk,1542,59,79726,"Jun 26, 2019"
How To Be A Better CSGO Player,https://www.youtube.com/watch?v=jsHh55lUYz0,5119,375,350247,"Apr 16, 2016"
Cheating with skins? (CS:GO Overwatch),https://www.youtube.com/watch?v=wnWjwQrBaoo,18026,429,204613,"Nov 5, 2019"
Competitive Basics Tutorial CS:GO,https://www.youtube.com/watch?v=jdPBKFV1840,4782,145,396156,"Jul 23, 2013"
狙击手麦克：“防御大师”重返CSGO，一把喷子守护楼道，14杀登顶,https://www.youtube.com/watch?v=FEZLtCL854I,2142,153,191424,"Jul 18, 2019"
BERK RIP TEPE RAKİPLE DALGA GEÇEREK OYNUYOR CSGO REKABETÇİ,https://www.youtube.com/watch?v=d2KrDnVqs3E,884,33,43807,"Nov 11, 2019"
"STEWIE2K IS SO HYPED UP! LIQUID WINS $1,000,000! CS:GO Twitch Clips",https://www.youtube.com/watch?v=PUiSD7SuOZU,1858,74,101096,"Jul 7, 2019"
TIPS TO GET BETTER AT CSGO,https://www.youtube.com/watch?v=WtY58BbXTow,591,56,22543,"Sep 24, 2018"
SCREAM 1 TAPS THROUGH SMOKES? S1MPLE HERO PLAY GOES WRONG! CS:GO Twitch Clips,https://www.youtube.com/watch?v=StrPlo0I8So,1669,39,89903,"Oct 11, 2019"
lalala❤,https://www.youtube.com/watch?v=m6t4eE1jfGg,34569,663,595665,"Aug 22, 2019"
How To Play Counter Strike Global Offensive Online For Free 1080p ᴴᴰ,https://www.youtube.com/watch?v=hFd1UjGFQpU,1447,305,288731,"Apr 7, 2015"
CS:GO Tips & Tricks : Aiming 101,https://www.youtube.com/watch?v=PhtQE7C-pIY,1216,46,121995,"Nov 7, 2014"
CSGO - A Doge Then a Cat.. Csgo Zoo - People Are Retarded #5,https://www.youtube.com/watch?v=PLZx6Dwjoko,777,119,113235,"Dec 22, 2016"
LALALA - CS:GO,https://www.youtube.com/watch?v=KDFszQWc7NI,3044,208,64917,"Oct 7, 2019"
CSGO Drills: Improving Your Aim! Part 1,https://www.youtube.com/watch?v=su462oItUdk,275,7,19536,"Sep 7, 2014"
CSGO: Jump height,https://www.youtube.com/watch?v=JSCeKQIBXX4,16,6,2801,"Jul 31, 2014"
CSGO Trolls,https://www.youtube.com/watch?v=Rvlov1ByEJ0&list=PL3I6ros2zR9hZd6hdUoZoQGPNzpf2z_G2,3846,81,174914,"Dec 12, 2015"
CSGO: BOT Dave - The Legend,https://www.youtube.com/watch?v=OvIY4Hqm1NI,478,36,48951,"Dec 2, 2014"
CSGO Deathmatch: ScreaM,https://www.youtube.com/watch?v=g5HGeNNqJw4,786,35,165648,"Jan 22, 2013"
Silver's Reaction Time. [CSGO SFM],https://www.youtube.com/watch?v=zNJ8hOSXbDU,1450,58,82889,"Oct 6, 2015"
The Global Elite Experience. [CSGO SFM],https://www.youtube.com/watch?v=HP0k9hdBiAw,880,29,57241,"Oct 18, 2015"
SUB-ZERO in One Take [CSGO],https://www.youtube.com/watch?v=16N2eFA58G4,814,77,29725,"Mar 3, 2018"
[CSGO] UBC vs UWO - CSL Week 7 Highlights,https://www.youtube.com/watch?v=1EsHcnNQqAU,3,0,913,"Nov 30, 2015"
CSGO Cache Smokes and flashes,https://www.youtube.com/watch?v=fEng5wMfg_E,885,30,114918,"Aug 8, 2014"
How to Boost/Increase FPS in CSGO,https://www.youtube.com/watch?v=mz2bYCam3hg,1211,49,93731,"Jan 24, 2016"
TOP 5 Ak-47 SKINS @ CSGO COMMUNITY WORKSHOP,https://www.youtube.com/watch?v=I5ZuHJAsVXU,316,33,18879,"Sep 14, 2015"
CSGO PRO FAIL&WIN #1,https://www.youtube.com/watch?v=iG2zgPT5SL4,805,19,80581,"Apr 17, 2013"
CSGO PRO FAIL&WIN #3,https://www.youtube.com/watch?v=SqfpUjVCyKc,709,8,76894,"May 11, 2013"
